(kicad_pcb (version 20171130) (host pcbnew 5.0.2-bee76a0~70~ubuntu18.04.1)

  (general
    (thickness 1.6)
    (drawings 14)
    (tracks 2638)
    (zones 0)
    (modules 169)
    (nets 221)
  )

  (page A4)
  (title_block
    (title "AA-PI Main Board for OrangePi One")
    (date 2018-10-10)
    (rev 2.2)
    (company ORPALTECH)
    (comment 4 "Author: Sergey Suloev")
  )

  (layers
    (0 F.Cu signal)
    (31 B.Cu signal)
    (32 B.Adhes user)
    (33 F.Adhes user)
    (34 B.Paste user)
    (35 F.Paste user)
    (36 B.SilkS user)
    (37 F.SilkS user)
    (38 B.Mask user)
    (39 F.Mask user)
    (40 Dwgs.User user)
    (41 Cmts.User user)
    (42 Eco1.User user)
    (43 Eco2.User user)
    (44 Edge.Cuts user)
    (45 Margin user)
    (46 B.CrtYd user)
    (47 F.CrtYd user)
    (48 B.Fab user)
    (49 F.Fab user)
  )

  (setup
    (last_trace_width 0.254)
    (trace_clearance 0.2032)
    (zone_clearance 0.508)
    (zone_45_only yes)
    (trace_min 0.1524)
    (segment_width 0.2)
    (edge_width 0.1)
    (via_size 0.762)
    (via_drill 0.381)
    (via_min_size 0.6858)
    (via_min_drill 0.3302)
    (uvia_size 0.762)
    (uvia_drill 0.381)
    (uvias_allowed no)
    (uvia_min_size 0.6858)
    (uvia_min_drill 0.3302)
    (pcb_text_width 0.3)
    (pcb_text_size 1.5 1.5)
    (mod_edge_width 0.15)
    (mod_text_size 1 1)
    (mod_text_width 0.15)
    (pad_size 2.41 3.29)
    (pad_drill 1)
    (pad_to_mask_clearance 0.0508)
    (solder_mask_min_width 0.25)
    (aux_axis_origin 50.8 139.7)
    (grid_origin 50.8 139.7)
    (visible_elements FFFFFF7F)
    (pcbplotparams
      (layerselection 0x210f0_ffffffff)
      (usegerberextensions true)
      (usegerberattributes false)
      (usegerberadvancedattributes false)
      (creategerberjobfile false)
      (excludeedgelayer true)
      (linewidth 0.100000)
      (plotframeref false)
      (viasonmask false)
      (mode 1)
      (useauxorigin false)
      (hpglpennumber 1)
      (hpglpenspeed 20)
      (hpglpendiameter 15.000000)
      (psnegative false)
      (psa4output false)
      (plotreference true)
      (plotvalue false)
      (plotinvisibletext false)
      (padsonsilk false)
      (subtractmaskfromsilk false)
      (outputformat 1)
      (mirror false)
      (drillshape 0)
      (scaleselection 1)
      (outputdirectory "Gerber/"))
  )

  (net 0 "")
  (net 1 "Net-(C1-Pad2)")
  (net 2 "Net-(C1-Pad1)")
  (net 3 V_SW)
  (net 4 GND)
  (net 5 "Net-(C4-Pad2)")
  (net 6 V_LOAD)
  (net 7 "Net-(C5-Pad2)")
  (net 8 +5V)
  (net 9 V_IN)
  (net 10 +3V3)
  (net 11 "Net-(C11-Pad1)")
  (net 12 "Net-(C12-Pad1)")
  (net 13 "Net-(C16-Pad1)")
  (net 14 "Net-(C17-Pad1)")
  (net 15 "Net-(C19-Pad1)")
  (net 16 "Net-(C22-Pad1)")
  (net 17 "Net-(C23-Pad1)")
  (net 18 LED-A)
  (net 19 "Net-(D1-Pad2)")
  (net 20 "Net-(D6-Pad1)")
  (net 21 "Net-(D6-Pad2)")
  (net 22 "Net-(D8-Pad2)")
  (net 23 I2C_SDA)
  (net 24 I2C_SCL)
  (net 25 "Net-(J2-Pad3)")
  (net 26 "Net-(J2-Pad2)")
  (net 27 "Net-(J2-Pad4)")
  (net 28 "Net-(J3-Pad2)")
  (net 29 "Net-(J3-Pad3)")
  (net 30 "Net-(J3-Pad4)")
  (net 31 DSI_D1_N)
  (net 32 DSI_D1_P)
  (net 33 PWM_CABC)
  (net 34 LED-K)
  (net 35 SHDN_CTRL)
  (net 36 CHRG_PG)
  (net 37 CHRG_STAT1)
  (net 38 CHRG_STAT2)
  (net 39 LOW_BATT)
  (net 40 "Net-(J9-Pad5)")
  (net 41 "Net-(J9-Pad7)")
  (net 42 OUT_VV)
  (net 43 OUT_VI)
  (net 44 PWM_MCU)
  (net 45 I2S_BCLK)
  (net 46 I2S_LRCK)
  (net 47 I2S_DIN)
  (net 48 "Net-(J11-Pad1)")
  (net 49 "Net-(L1-Pad2)")
  (net 50 "Net-(Q4-Pad1)")
  (net 51 "Net-(Q5-Pad1)")
  (net 52 "Net-(Q7-Pad3)")
  (net 53 "Net-(R18-Pad1)")
  (net 54 "Net-(R22-Pad1)")
  (net 55 "Net-(R23-Pad1)")
  (net 56 "Net-(R24-Pad1)")
  (net 57 "Net-(R24-Pad2)")
  (net 58 "Net-(R26-Pad1)")
  (net 59 "Net-(U3-Pad2)")
  (net 60 "Net-(U3-Pad4)")
  (net 61 "Net-(U3-Pad5)")
  (net 62 "Net-(U3-Pad8)")
  (net 63 "Net-(U3-Pad9)")
  (net 64 "Net-(U3-Pad10)")
  (net 65 "Net-(U3-Pad11)")
  (net 66 "Net-(U3-Pad12)")
  (net 67 "Net-(U3-Pad13)")
  (net 68 "Net-(U3-Pad17)")
  (net 69 "Net-(U3-Pad18)")
  (net 70 "Net-(U5-Pad16)")
  (net 71 /V_WALL)
  (net 72 /V_USB2)
  (net 73 /V_USB1)
  (net 74 /V_USB)
  (net 75 /V_SUPPLY)
  (net 76 /V_F2)
  (net 77 "Net-(C29-Pad1)")
  (net 78 ADC_EN)
  (net 79 RADIO_EN)
  (net 80 "Net-(R35-Pad1)")
  (net 81 I2C_SCL_H)
  (net 82 I2C_SDA_H)
  (net 83 "Net-(R36-Pad1)")
  (net 84 SHDN_REQ)
  (net 85 "Net-(J10-Pad8)")
  (net 86 "Net-(J7-Pad6)")
  (net 87 "Net-(J10-Pad4)")
  (net 88 "Net-(J8-Pad15)")
  (net 89 "Net-(J8-Pad18)")
  (net 90 "Net-(J8-Pad28)")
  (net 91 "Net-(J8-Pad29)")
  (net 92 "Net-(J8-Pad30)")
  (net 93 BATT2)
  (net 94 "Net-(C31-Pad1)")
  (net 95 BATT1)
  (net 96 "Net-(R42-Pad1)")
  (net 97 "Net-(U9-Pad4)")
  (net 98 LCD_EN)
  (net 99 "Net-(C8-Pad1)")
  (net 100 "Net-(J9-Pad6)")
  (net 101 "Net-(J7-Pad8)")
  (net 102 "Net-(J7-Pad9)")
  (net 103 +V_RADIO)
  (net 104 +V_LCD)
  (net 105 +V_ADC)
  (net 106 GNDD)
  (net 107 "Net-(JP2-Pad2)")
  (net 108 "Net-(JP3-Pad1)")
  (net 109 ACTIVE)
  (net 110 "Net-(JP4-Pad2)")
  (net 111 "Net-(C18-Pad1)")
  (net 112 "Net-(D9-Pad2)")
  (net 113 G1)
  (net 114 G5)
  (net 115 G3)
  (net 116 G7)
  (net 117 "Net-(J8-Pad26)")
  (net 118 "Net-(J8-Pad24)")
  (net 119 "Net-(RN1-Pad5)")
  (net 120 "Net-(RN1-Pad6)")
  (net 121 "Net-(RN1-Pad8)")
  (net 122 "Net-(RN1-Pad7)")
  (net 123 PIXCLK)
  (net 124 VSYNC)
  (net 125 DISPEN)
  (net 126 HSYNC)
  (net 127 B0)
  (net 128 B4)
  (net 129 B2)
  (net 130 B6)
  (net 131 "Net-(J8-Pad17)")
  (net 132 "Net-(J8-Pad19)")
  (net 133 "Net-(J8-Pad21)")
  (net 134 "Net-(J8-Pad27)")
  (net 135 "Net-(J8-Pad23)")
  (net 136 "Net-(J8-Pad25)")
  (net 137 G6)
  (net 138 G2)
  (net 139 G4)
  (net 140 G0)
  (net 141 B1)
  (net 142 B5)
  (net 143 B3)
  (net 144 B7)
  (net 145 "Net-(J8-Pad16)")
  (net 146 "Net-(J8-Pad20)")
  (net 147 "Net-(J8-Pad22)")
  (net 148 "Net-(J8-Pad37)")
  (net 149 "Net-(J8-Pad35)")
  (net 150 "Net-(J8-Pad31)")
  (net 151 "Net-(J8-Pad33)")
  (net 152 R6)
  (net 153 R2)
  (net 154 R4)
  (net 155 R0)
  (net 156 R1)
  (net 157 R5)
  (net 158 R3)
  (net 159 R7)
  (net 160 "Net-(J8-Pad34)")
  (net 161 "Net-(J8-Pad32)")
  (net 162 "Net-(J8-Pad36)")
  (net 163 "Net-(J8-Pad38)")
  (net 164 /AA-PI-V2_2-Display-Board-OrangePiOne-LCD/HDP)
  (net 165 "Net-(U6-Pad2)")
  (net 166 "Net-(C34-Pad1)")
  (net 167 "Net-(U6-Pad40)")
  (net 168 "Net-(U6-Pad41)")
  (net 169 "Net-(U6-Pad42)")
  (net 170 "Net-(U6-Pad49)")
  (net 171 "Net-(U6-Pad50)")
  (net 172 "Net-(U6-Pad51)")
  (net 173 "Net-(U6-Pad52)")
  (net 174 "Net-(U6-Pad53)")
  (net 175 "Net-(U6-Pad54)")
  (net 176 "Net-(U6-Pad55)")
  (net 177 "Net-(U6-Pad56)")
  (net 178 "Net-(U6-Pad59)")
  (net 179 "Net-(U6-Pad60)")
  (net 180 "Net-(U6-Pad61)")
  (net 181 "Net-(U6-Pad62)")
  (net 182 "Net-(U6-Pad63)")
  (net 183 "Net-(U6-Pad64)")
  (net 184 "Net-(U6-Pad65)")
  (net 185 "Net-(U6-Pad66)")
  (net 186 "Net-(U6-Pad69)")
  (net 187 "Net-(U6-Pad70)")
  (net 188 "Net-(U6-Pad71)")
  (net 189 "Net-(U6-Pad72)")
  (net 190 "Net-(U6-Pad73)")
  (net 191 "Net-(U6-Pad74)")
  (net 192 "Net-(U6-Pad75)")
  (net 193 "Net-(U6-Pad77)")
  (net 194 TMDS_D2+)
  (net 195 TMDS_D2-)
  (net 196 "Net-(C40-Pad1)")
  (net 197 TMDS_D1+)
  (net 198 TMDS_D1-)
  (net 199 TMDS_D0+)
  (net 200 TMDS_D0-)
  (net 201 TMDS_CLK+)
  (net 202 TMDS_CLK-)
  (net 203 "Net-(U6-Pad96)")
  (net 204 "Net-(C42-Pad1)")
  (net 205 CTP_INT)
  (net 206 CTP_RST)
  (net 207 HDMI_CEC)
  (net 208 "Net-(J6-Pad14)")
  (net 209 "Net-(J6-Pad15)")
  (net 210 "Net-(J6-Pad16)")
  (net 211 "Net-(J6-Pad20)")
  (net 212 LCD_TE)
  (net 213 LCD_RST)
  (net 214 "Net-(J8-Pad40)")
  (net 215 "Net-(J8-Pad41)")
  (net 216 "Net-(J8-Pad42)")
  (net 217 "Net-(J8-Pad43)")
  (net 218 "Net-(J8-Pad45)")
  (net 219 "Net-(J8-Pad46)")
  (net 220 "Net-(J8-Pad47)")

  (net_class Default "This is the default net class."
    (clearance 0.2032)
    (trace_width 0.254)
    (via_dia 0.762)
    (via_drill 0.381)
    (uvia_dia 0.762)
    (uvia_drill 0.381)
    (diff_pair_gap 0.254)
    (diff_pair_width 0.254)
    (add_net /AA-PI-V2_2-Display-Board-OrangePiOne-LCD/HDP)
    (add_net ACTIVE)
    (add_net ADC_EN)
    (add_net B0)
    (add_net B1)
    (add_net B2)
    (add_net B3)
    (add_net B4)
    (add_net B5)
    (add_net B6)
    (add_net B7)
    (add_net CHRG_PG)
    (add_net CHRG_STAT1)
    (add_net CHRG_STAT2)
    (add_net CTP_INT)
    (add_net CTP_RST)
    (add_net DISPEN)
    (add_net DSI_D1_N)
    (add_net DSI_D1_P)
    (add_net G0)
    (add_net G1)
    (add_net G2)
    (add_net G3)
    (add_net G4)
    (add_net G5)
    (add_net G6)
    (add_net G7)
    (add_net GND)
    (add_net GNDD)
    (add_net HDMI_CEC)
    (add_net HSYNC)
    (add_net I2C_SCL)
    (add_net I2C_SCL_H)
    (add_net I2C_SDA)
    (add_net I2C_SDA_H)
    (add_net I2S_BCLK)
    (add_net I2S_DIN)
    (add_net I2S_LRCK)
    (add_net LCD_EN)
    (add_net LCD_RST)
    (add_net LCD_TE)
    (add_net LED-A)
    (add_net LED-K)
    (add_net LOW_BATT)
    (add_net "Net-(C1-Pad1)")
    (add_net "Net-(C1-Pad2)")
    (add_net "Net-(C11-Pad1)")
    (add_net "Net-(C12-Pad1)")
    (add_net "Net-(C16-Pad1)")
    (add_net "Net-(C17-Pad1)")
    (add_net "Net-(C18-Pad1)")
    (add_net "Net-(C19-Pad1)")
    (add_net "Net-(C22-Pad1)")
    (add_net "Net-(C23-Pad1)")
    (add_net "Net-(C29-Pad1)")
    (add_net "Net-(C31-Pad1)")
    (add_net "Net-(C34-Pad1)")
    (add_net "Net-(C4-Pad2)")
    (add_net "Net-(C40-Pad1)")
    (add_net "Net-(C42-Pad1)")
    (add_net "Net-(C5-Pad2)")
    (add_net "Net-(C8-Pad1)")
    (add_net "Net-(D1-Pad2)")
    (add_net "Net-(D6-Pad1)")
    (add_net "Net-(D6-Pad2)")
    (add_net "Net-(D8-Pad2)")
    (add_net "Net-(D9-Pad2)")
    (add_net "Net-(J10-Pad4)")
    (add_net "Net-(J10-Pad8)")
    (add_net "Net-(J11-Pad1)")
    (add_net "Net-(J2-Pad2)")
    (add_net "Net-(J2-Pad3)")
    (add_net "Net-(J2-Pad4)")
    (add_net "Net-(J3-Pad2)")
    (add_net "Net-(J3-Pad3)")
    (add_net "Net-(J3-Pad4)")
    (add_net "Net-(J6-Pad14)")
    (add_net "Net-(J6-Pad15)")
    (add_net "Net-(J6-Pad16)")
    (add_net "Net-(J6-Pad20)")
    (add_net "Net-(J7-Pad6)")
    (add_net "Net-(J7-Pad8)")
    (add_net "Net-(J7-Pad9)")
    (add_net "Net-(J8-Pad15)")
    (add_net "Net-(J8-Pad16)")
    (add_net "Net-(J8-Pad17)")
    (add_net "Net-(J8-Pad18)")
    (add_net "Net-(J8-Pad19)")
    (add_net "Net-(J8-Pad20)")
    (add_net "Net-(J8-Pad21)")
    (add_net "Net-(J8-Pad22)")
    (add_net "Net-(J8-Pad23)")
    (add_net "Net-(J8-Pad24)")
    (add_net "Net-(J8-Pad25)")
    (add_net "Net-(J8-Pad26)")
    (add_net "Net-(J8-Pad27)")
    (add_net "Net-(J8-Pad28)")
    (add_net "Net-(J8-Pad29)")
    (add_net "Net-(J8-Pad30)")
    (add_net "Net-(J8-Pad31)")
    (add_net "Net-(J8-Pad32)")
    (add_net "Net-(J8-Pad33)")
    (add_net "Net-(J8-Pad34)")
    (add_net "Net-(J8-Pad35)")
    (add_net "Net-(J8-Pad36)")
    (add_net "Net-(J8-Pad37)")
    (add_net "Net-(J8-Pad38)")
    (add_net "Net-(J8-Pad40)")
    (add_net "Net-(J8-Pad41)")
    (add_net "Net-(J8-Pad42)")
    (add_net "Net-(J8-Pad43)")
    (add_net "Net-(J8-Pad45)")
    (add_net "Net-(J8-Pad46)")
    (add_net "Net-(J8-Pad47)")
    (add_net "Net-(J9-Pad5)")
    (add_net "Net-(J9-Pad6)")
    (add_net "Net-(J9-Pad7)")
    (add_net "Net-(JP2-Pad2)")
    (add_net "Net-(JP3-Pad1)")
    (add_net "Net-(JP4-Pad2)")
    (add_net "Net-(L1-Pad2)")
    (add_net "Net-(Q4-Pad1)")
    (add_net "Net-(Q5-Pad1)")
    (add_net "Net-(Q7-Pad3)")
    (add_net "Net-(R18-Pad1)")
    (add_net "Net-(R22-Pad1)")
    (add_net "Net-(R23-Pad1)")
    (add_net "Net-(R24-Pad1)")
    (add_net "Net-(R24-Pad2)")
    (add_net "Net-(R26-Pad1)")
    (add_net "Net-(R35-Pad1)")
    (add_net "Net-(R36-Pad1)")
    (add_net "Net-(R42-Pad1)")
    (add_net "Net-(RN1-Pad5)")
    (add_net "Net-(RN1-Pad6)")
    (add_net "Net-(RN1-Pad7)")
    (add_net "Net-(RN1-Pad8)")
    (add_net "Net-(U3-Pad10)")
    (add_net "Net-(U3-Pad11)")
    (add_net "Net-(U3-Pad12)")
    (add_net "Net-(U3-Pad13)")
    (add_net "Net-(U3-Pad17)")
    (add_net "Net-(U3-Pad18)")
    (add_net "Net-(U3-Pad2)")
    (add_net "Net-(U3-Pad4)")
    (add_net "Net-(U3-Pad5)")
    (add_net "Net-(U3-Pad8)")
    (add_net "Net-(U3-Pad9)")
    (add_net "Net-(U5-Pad16)")
    (add_net "Net-(U6-Pad2)")
    (add_net "Net-(U6-Pad40)")
    (add_net "Net-(U6-Pad41)")
    (add_net "Net-(U6-Pad42)")
    (add_net "Net-(U6-Pad49)")
    (add_net "Net-(U6-Pad50)")
    (add_net "Net-(U6-Pad51)")
    (add_net "Net-(U6-Pad52)")
    (add_net "Net-(U6-Pad53)")
    (add_net "Net-(U6-Pad54)")
    (add_net "Net-(U6-Pad55)")
    (add_net "Net-(U6-Pad56)")
    (add_net "Net-(U6-Pad59)")
    (add_net "Net-(U6-Pad60)")
    (add_net "Net-(U6-Pad61)")
    (add_net "Net-(U6-Pad62)")
    (add_net "Net-(U6-Pad63)")
    (add_net "Net-(U6-Pad64)")
    (add_net "Net-(U6-Pad65)")
    (add_net "Net-(U6-Pad66)")
    (add_net "Net-(U6-Pad69)")
    (add_net "Net-(U6-Pad70)")
    (add_net "Net-(U6-Pad71)")
    (add_net "Net-(U6-Pad72)")
    (add_net "Net-(U6-Pad73)")
    (add_net "Net-(U6-Pad74)")
    (add_net "Net-(U6-Pad75)")
    (add_net "Net-(U6-Pad77)")
    (add_net "Net-(U6-Pad96)")
    (add_net "Net-(U9-Pad4)")
    (add_net OUT_VI)
    (add_net OUT_VV)
    (add_net PIXCLK)
    (add_net PWM_CABC)
    (add_net PWM_MCU)
    (add_net R0)
    (add_net R1)
    (add_net R2)
    (add_net R3)
    (add_net R4)
    (add_net R5)
    (add_net R6)
    (add_net R7)
    (add_net RADIO_EN)
    (add_net SHDN_CTRL)
    (add_net SHDN_REQ)
    (add_net TMDS_CLK+)
    (add_net TMDS_CLK-)
    (add_net TMDS_D0+)
    (add_net TMDS_D0-)
    (add_net TMDS_D1+)
    (add_net TMDS_D1-)
    (add_net TMDS_D2+)
    (add_net TMDS_D2-)
    (add_net VSYNC)
  )

  (net_class Power ""
    (clearance 0.2032)
    (trace_width 0.508)
    (via_dia 1.016)
    (via_drill 0.508)
    (uvia_dia 1.016)
    (uvia_drill 0.508)
    (diff_pair_gap 0.254)
    (diff_pair_width 0.254)
    (add_net +3V3)
    (add_net +5V)
    (add_net +V_ADC)
    (add_net +V_LCD)
    (add_net +V_RADIO)
    (add_net /V_F2)
    (add_net /V_SUPPLY)
    (add_net /V_USB)
    (add_net /V_USB1)
    (add_net /V_USB2)
    (add_net /V_WALL)
    (add_net BATT1)
    (add_net BATT2)
    (add_net V_IN)
    (add_net V_LOAD)
    (add_net V_SW)
  )

  (module SOT95P280X145-5N (layer F.Cu) (tedit 5C0789BA) (tstamp 5C342EED)
    (at 88.63 111.6 90)
    (descr "DBV (R-PDSO-G5)")
    (tags "Power Supply")
    (path /5C3F343F/5D24820F)
    (attr smd)
    (fp_text reference U9 (at -0.6 -3.05 90) (layer F.SilkS)
      (effects (font (size 1.27 1.27) (thickness 0.254)))
    )
    (fp_text value TLV75733PDBVR (at 0 3.7 90) (layer F.SilkS) hide
      (effects (font (size 1.27 1.27) (thickness 0.254)))
    )
    (fp_line (start -2.1 -1.775) (end 2.1 -1.775) (layer Dwgs.User) (width 0.05))
    (fp_line (start 2.1 -1.775) (end 2.1 1.775) (layer Dwgs.User) (width 0.05))
    (fp_line (start 2.1 1.775) (end -2.1 1.775) (layer Dwgs.User) (width 0.05))
    (fp_line (start -2.1 1.775) (end -2.1 -1.775) (layer Dwgs.User) (width 0.05))
    (fp_line (start -0.8 -1.45) (end 0.8 -1.45) (layer Dwgs.User) (width 0.1))
    (fp_line (start 0.8 -1.45) (end 0.8 1.45) (layer Dwgs.User) (width 0.1))
    (fp_line (start 0.8 1.45) (end -0.8 1.45) (layer Dwgs.User) (width 0.1))
    (fp_line (start -0.8 1.45) (end -0.8 -1.45) (layer Dwgs.User) (width 0.1))
    (fp_line (start -0.8 -0.5) (end 0.15 -1.45) (layer Dwgs.User) (width 0.1))
    (fp_line (start -0.3 -1.45) (end 0.3 -1.45) (layer F.SilkS) (width 0.2))
    (fp_line (start 0.3 -1.45) (end 0.3 1.45) (layer F.SilkS) (width 0.2))
    (fp_line (start 0.3 1.45) (end -0.3 1.45) (layer F.SilkS) (width 0.2))
    (fp_line (start -0.3 1.45) (end -0.3 -1.45) (layer F.SilkS) (width 0.2))
    (fp_line (start -1.85 -1.5) (end -0.65 -1.5) (layer F.SilkS) (width 0.2))
    (pad 1 smd rect (at -1.25 -0.95 180) (size 0.6 1.2) (layers F.Cu F.Paste F.Mask)
      (net 8 +5V))
    (pad 2 smd rect (at -1.25 0 180) (size 0.6 1.2) (layers F.Cu F.Paste F.Mask)
      (net 106 GNDD))
    (pad 3 smd rect (at -1.25 0.95 180) (size 0.6 1.2) (layers F.Cu F.Paste F.Mask)
      (net 98 LCD_EN))
    (pad 4 smd rect (at 1.25 0.95 180) (size 0.6 1.2) (layers F.Cu F.Paste F.Mask)
      (net 97 "Net-(U9-Pad4)"))
    (pad 5 smd rect (at 1.25 -0.95 180) (size 0.6 1.2) (layers F.Cu F.Paste F.Mask)
      (net 104 +V_LCD))
  )

  (module AA-PI-Footprints:CD54 (layer F.Cu) (tedit 5BB676D1) (tstamp 5C342E46)
    (at 207.846601 110.921601)
    (descr "POWER INDUCTOR")
    (path /5C3F343F/5E84C365)
    (fp_text reference L8 (at -1.5 -3.9) (layer F.SilkS)
      (effects (font (size 1 1) (thickness 0.15)) (justify left bottom))
    )
    (fp_text value 4.7uH (at -2 4.9) (layer F.Fab) hide
      (effects (font (size 1 1) (thickness 0.15)) (justify left bottom))
    )
    (fp_line (start 2.5 1.25) (end 2.5 -1.25) (layer F.Fab) (width 0.2032))
    (fp_arc (start 0 -2.416701) (end 0.5 -2.25) (angle 143.123) (layer F.Fab) (width 0.2032))
    (fp_line (start -2.5 -1.25) (end -2.5 1.25) (layer F.Fab) (width 0.2032))
    (fp_line (start -0.5 -2.25) (end -0.5 -2.5) (layer F.Fab) (width 0.2032))
    (fp_line (start 0.5 -2.25) (end 0.5 -2.5) (layer F.Fab) (width 0.2032))
    (fp_arc (start -0.40625 -0.125001) (end -0.5 -2.5) (angle -59.4898) (layer F.Fab) (width 0.2032))
    (fp_arc (start 0.484499 -0.250199) (end 0.5 -2.5) (angle 63.2213) (layer F.Fab) (width 0.2032))
    (fp_arc (start 0 2.416701) (end -0.5 2.25) (angle 143.123) (layer F.Fab) (width 0.2032))
    (fp_line (start 0.5 2.25) (end 0.5 2.5) (layer F.Fab) (width 0.2032))
    (fp_line (start -0.5 2.25) (end -0.5 2.5) (layer F.Fab) (width 0.2032))
    (fp_arc (start 0.40625 0.125001) (end 0.5 2.5) (angle -59.4898) (layer F.Fab) (width 0.2032))
    (fp_arc (start -0.484499 0.250199) (end -0.5 2.5) (angle 63.2213) (layer F.Fab) (width 0.2032))
    (fp_line (start -3.175 -3.4) (end 3.175 -3.4) (layer F.SilkS) (width 0.2032))
    (fp_line (start 3.175 -3.4) (end 3.175 3.4) (layer F.SilkS) (width 0.2032))
    (fp_line (start 3.175 3.4) (end -3.175 3.4) (layer F.SilkS) (width 0.2032))
    (fp_line (start -3.175 3.4) (end -3.175 -3.4) (layer F.SilkS) (width 0.2032))
    (pad 1 smd rect (at 0 -1.9) (size 5.5 2.2) (layers F.Cu F.Paste F.Mask)
      (net 104 +V_LCD) (solder_mask_margin 0.1016))
    (pad 2 smd rect (at 0 1.9) (size 5.5 2.2) (layers F.Cu F.Paste F.Mask)
      (net 112 "Net-(D9-Pad2)") (solder_mask_margin 0.1016))
  )

  (module AA-PI-Footprints:C_0805_2012Metric_Pad1.15x1.40mm_HandSolder (layer F.Cu) (tedit 5B36C52B) (tstamp 5C342D4C)
    (at 219.295001 116.245001)
    (descr "Capacitor SMD 0805 (2012 Metric), square (rectangular) end terminal, IPC_7351 nominal with elongated pad for handsoldering. (Body size source: https://docs.google.com/spreadsheets/d/1BsfQQcO9C6DZCsRaXUlFlo91Tg2WpOkGARC1WS5S8t0/edit?usp=sharing), generated with kicad-footprint-generator")
    (tags "capacitor handsolder")
    (path /5C3F343F/5E84C32C)
    (attr smd)
    (fp_text reference C44 (at 0 -1.65) (layer F.SilkS)
      (effects (font (size 1 1) (thickness 0.15)))
    )
    (fp_text value 10u (at 0 1.65) (layer F.Fab)
      (effects (font (size 1 1) (thickness 0.15)))
    )
    (fp_text user %R (at 0 0) (layer F.Fab)
      (effects (font (size 0.5 0.5) (thickness 0.08)))
    )
    (fp_line (start 1.85 0.95) (end -1.85 0.95) (layer F.CrtYd) (width 0.05))
    (fp_line (start 1.85 -0.95) (end 1.85 0.95) (layer F.CrtYd) (width 0.05))
    (fp_line (start -1.85 -0.95) (end 1.85 -0.95) (layer F.CrtYd) (width 0.05))
    (fp_line (start -1.85 0.95) (end -1.85 -0.95) (layer F.CrtYd) (width 0.05))
    (fp_line (start -0.261252 0.71) (end 0.261252 0.71) (layer F.SilkS) (width 0.12))
    (fp_line (start -0.261252 -0.71) (end 0.261252 -0.71) (layer F.SilkS) (width 0.12))
    (fp_line (start 1 0.6) (end -1 0.6) (layer F.Fab) (width 0.1))
    (fp_line (start 1 -0.6) (end 1 0.6) (layer F.Fab) (width 0.1))
    (fp_line (start -1 -0.6) (end 1 -0.6) (layer F.Fab) (width 0.1))
    (fp_line (start -1 0.6) (end -1 -0.6) (layer F.Fab) (width 0.1))
    (pad 2 smd roundrect (at 1.025 0) (size 1.15 1.4) (layers F.Cu F.Paste F.Mask) (roundrect_rratio 0.217391)
      (net 106 GNDD))
    (pad 1 smd roundrect (at -1.025 0) (size 1.15 1.4) (layers F.Cu F.Paste F.Mask) (roundrect_rratio 0.217391)
      (net 104 +V_LCD))
    (model ${KISYS3DMOD}/Capacitor_SMD.3dshapes/C_0805_2012Metric.wrl
      (at (xyz 0 0 0))
      (scale (xyz 1 1 1))
      (rotate (xyz 0 0 0))
    )
  )

  (module AA-PI-Footprints:C_0805_2012Metric_Pad1.15x1.40mm_HandSolder (layer F.Cu) (tedit 5B36C52B) (tstamp 5C342D3B)
    (at 229.045001 106.795001)
    (descr "Capacitor SMD 0805 (2012 Metric), square (rectangular) end terminal, IPC_7351 nominal with elongated pad for handsoldering. (Body size source: https://docs.google.com/spreadsheets/d/1BsfQQcO9C6DZCsRaXUlFlo91Tg2WpOkGARC1WS5S8t0/edit?usp=sharing), generated with kicad-footprint-generator")
    (tags "capacitor handsolder")
    (path /5C3F343F/5D59989E)
    (attr smd)
    (fp_text reference C40 (at 0 -1.65) (layer F.SilkS)
      (effects (font (size 1 1) (thickness 0.15)))
    )
    (fp_text value 100n (at 0 1.65) (layer F.Fab)
      (effects (font (size 1 1) (thickness 0.15)))
    )
    (fp_line (start -1 0.6) (end -1 -0.6) (layer F.Fab) (width 0.1))
    (fp_line (start -1 -0.6) (end 1 -0.6) (layer F.Fab) (width 0.1))
    (fp_line (start 1 -0.6) (end 1 0.6) (layer F.Fab) (width 0.1))
    (fp_line (start 1 0.6) (end -1 0.6) (layer F.Fab) (width 0.1))
    (fp_line (start -0.261252 -0.71) (end 0.261252 -0.71) (layer F.SilkS) (width 0.12))
    (fp_line (start -0.261252 0.71) (end 0.261252 0.71) (layer F.SilkS) (width 0.12))
    (fp_line (start -1.85 0.95) (end -1.85 -0.95) (layer F.CrtYd) (width 0.05))
    (fp_line (start -1.85 -0.95) (end 1.85 -0.95) (layer F.CrtYd) (width 0.05))
    (fp_line (start 1.85 -0.95) (end 1.85 0.95) (layer F.CrtYd) (width 0.05))
    (fp_line (start 1.85 0.95) (end -1.85 0.95) (layer F.CrtYd) (width 0.05))
    (fp_text user %R (at 0 0) (layer F.Fab)
      (effects (font (size 0.5 0.5) (thickness 0.08)))
    )
    (pad 1 smd roundrect (at -1.025 0) (size 1.15 1.4) (layers F.Cu F.Paste F.Mask) (roundrect_rratio 0.217391)
      (net 196 "Net-(C40-Pad1)"))
    (pad 2 smd roundrect (at 1.025 0) (size 1.15 1.4) (layers F.Cu F.Paste F.Mask) (roundrect_rratio 0.217391)
      (net 106 GNDD))
    (model ${KISYS3DMOD}/Capacitor_SMD.3dshapes/C_0805_2012Metric.wrl
      (at (xyz 0 0 0))
      (scale (xyz 1 1 1))
      (rotate (xyz 0 0 0))
    )
  )

  (module AA-PI-Footprints:C_0805_2012Metric_Pad1.15x1.40mm_HandSolder (layer F.Cu) (tedit 5B36C52B) (tstamp 5C342BBA)
    (at 223.645001 110.545001)
    (descr "Capacitor SMD 0805 (2012 Metric), square (rectangular) end terminal, IPC_7351 nominal with elongated pad for handsoldering. (Body size source: https://docs.google.com/spreadsheets/d/1BsfQQcO9C6DZCsRaXUlFlo91Tg2WpOkGARC1WS5S8t0/edit?usp=sharing), generated with kicad-footprint-generator")
    (tags "capacitor handsolder")
    (path /5C3F343F/5D6373A9)
    (attr smd)
    (fp_text reference C39 (at 0 -1.65) (layer F.SilkS)
      (effects (font (size 1 1) (thickness 0.15)))
    )
    (fp_text value 100n (at 0 1.65) (layer F.Fab)
      (effects (font (size 1 1) (thickness 0.15)))
    )
    (fp_text user %R (at 0 0) (layer F.Fab)
      (effects (font (size 0.5 0.5) (thickness 0.08)))
    )
    (fp_line (start 1.85 0.95) (end -1.85 0.95) (layer F.CrtYd) (width 0.05))
    (fp_line (start 1.85 -0.95) (end 1.85 0.95) (layer F.CrtYd) (width 0.05))
    (fp_line (start -1.85 -0.95) (end 1.85 -0.95) (layer F.CrtYd) (width 0.05))
    (fp_line (start -1.85 0.95) (end -1.85 -0.95) (layer F.CrtYd) (width 0.05))
    (fp_line (start -0.261252 0.71) (end 0.261252 0.71) (layer F.SilkS) (width 0.12))
    (fp_line (start -0.261252 -0.71) (end 0.261252 -0.71) (layer F.SilkS) (width 0.12))
    (fp_line (start 1 0.6) (end -1 0.6) (layer F.Fab) (width 0.1))
    (fp_line (start 1 -0.6) (end 1 0.6) (layer F.Fab) (width 0.1))
    (fp_line (start -1 -0.6) (end 1 -0.6) (layer F.Fab) (width 0.1))
    (fp_line (start -1 0.6) (end -1 -0.6) (layer F.Fab) (width 0.1))
    (pad 2 smd roundrect (at 1.025 0) (size 1.15 1.4) (layers F.Cu F.Paste F.Mask) (roundrect_rratio 0.217391)
      (net 106 GNDD))
    (pad 1 smd roundrect (at -1.025 0) (size 1.15 1.4) (layers F.Cu F.Paste F.Mask) (roundrect_rratio 0.217391)
      (net 166 "Net-(C34-Pad1)"))
    (model ${KISYS3DMOD}/Capacitor_SMD.3dshapes/C_0805_2012Metric.wrl
      (at (xyz 0 0 0))
      (scale (xyz 1 1 1))
      (rotate (xyz 0 0 0))
    )
  )

  (module AA-PI-Footprints:C_0805_2012Metric_Pad1.15x1.40mm_HandSolder (layer F.Cu) (tedit 5B36C52B) (tstamp 5C342BA9)
    (at 229.045001 104.845001)
    (descr "Capacitor SMD 0805 (2012 Metric), square (rectangular) end terminal, IPC_7351 nominal with elongated pad for handsoldering. (Body size source: https://docs.google.com/spreadsheets/d/1BsfQQcO9C6DZCsRaXUlFlo91Tg2WpOkGARC1WS5S8t0/edit?usp=sharing), generated with kicad-footprint-generator")
    (tags "capacitor handsolder")
    (path /5C3F343F/5D637306)
    (attr smd)
    (fp_text reference C38 (at 0 -1.65) (layer F.SilkS)
      (effects (font (size 1 1) (thickness 0.15)))
    )
    (fp_text value 100n (at 0 1.65) (layer F.Fab)
      (effects (font (size 1 1) (thickness 0.15)))
    )
    (fp_line (start -1 0.6) (end -1 -0.6) (layer F.Fab) (width 0.1))
    (fp_line (start -1 -0.6) (end 1 -0.6) (layer F.Fab) (width 0.1))
    (fp_line (start 1 -0.6) (end 1 0.6) (layer F.Fab) (width 0.1))
    (fp_line (start 1 0.6) (end -1 0.6) (layer F.Fab) (width 0.1))
    (fp_line (start -0.261252 -0.71) (end 0.261252 -0.71) (layer F.SilkS) (width 0.12))
    (fp_line (start -0.261252 0.71) (end 0.261252 0.71) (layer F.SilkS) (width 0.12))
    (fp_line (start -1.85 0.95) (end -1.85 -0.95) (layer F.CrtYd) (width 0.05))
    (fp_line (start -1.85 -0.95) (end 1.85 -0.95) (layer F.CrtYd) (width 0.05))
    (fp_line (start 1.85 -0.95) (end 1.85 0.95) (layer F.CrtYd) (width 0.05))
    (fp_line (start 1.85 0.95) (end -1.85 0.95) (layer F.CrtYd) (width 0.05))
    (fp_text user %R (at 0 0) (layer F.Fab)
      (effects (font (size 0.5 0.5) (thickness 0.08)))
    )
    (pad 1 smd roundrect (at -1.025 0) (size 1.15 1.4) (layers F.Cu F.Paste F.Mask) (roundrect_rratio 0.217391)
      (net 166 "Net-(C34-Pad1)"))
    (pad 2 smd roundrect (at 1.025 0) (size 1.15 1.4) (layers F.Cu F.Paste F.Mask) (roundrect_rratio 0.217391)
      (net 106 GNDD))
    (model ${KISYS3DMOD}/Capacitor_SMD.3dshapes/C_0805_2012Metric.wrl
      (at (xyz 0 0 0))
      (scale (xyz 1 1 1))
      (rotate (xyz 0 0 0))
    )
  )

  (module AA-PI-Footprints:C_0805_2012Metric_Pad1.15x1.40mm_HandSolder (layer F.Cu) (tedit 5B36C52B) (tstamp 5C342B98)
    (at 219.295001 114.295001)
    (descr "Capacitor SMD 0805 (2012 Metric), square (rectangular) end terminal, IPC_7351 nominal with elongated pad for handsoldering. (Body size source: https://docs.google.com/spreadsheets/d/1BsfQQcO9C6DZCsRaXUlFlo91Tg2WpOkGARC1WS5S8t0/edit?usp=sharing), generated with kicad-footprint-generator")
    (tags "capacitor handsolder")
    (path /5C3F343F/5D63724A)
    (attr smd)
    (fp_text reference C37 (at 0 -1.65) (layer F.SilkS)
      (effects (font (size 1 1) (thickness 0.15)))
    )
    (fp_text value 100n (at 0 1.65) (layer F.Fab)
      (effects (font (size 1 1) (thickness 0.15)))
    )
    (fp_text user %R (at 0 0) (layer F.Fab)
      (effects (font (size 0.5 0.5) (thickness 0.08)))
    )
    (fp_line (start 1.85 0.95) (end -1.85 0.95) (layer F.CrtYd) (width 0.05))
    (fp_line (start 1.85 -0.95) (end 1.85 0.95) (layer F.CrtYd) (width 0.05))
    (fp_line (start -1.85 -0.95) (end 1.85 -0.95) (layer F.CrtYd) (width 0.05))
    (fp_line (start -1.85 0.95) (end -1.85 -0.95) (layer F.CrtYd) (width 0.05))
    (fp_line (start -0.261252 0.71) (end 0.261252 0.71) (layer F.SilkS) (width 0.12))
    (fp_line (start -0.261252 -0.71) (end 0.261252 -0.71) (layer F.SilkS) (width 0.12))
    (fp_line (start 1 0.6) (end -1 0.6) (layer F.Fab) (width 0.1))
    (fp_line (start 1 -0.6) (end 1 0.6) (layer F.Fab) (width 0.1))
    (fp_line (start -1 -0.6) (end 1 -0.6) (layer F.Fab) (width 0.1))
    (fp_line (start -1 0.6) (end -1 -0.6) (layer F.Fab) (width 0.1))
    (pad 2 smd roundrect (at 1.025 0) (size 1.15 1.4) (layers F.Cu F.Paste F.Mask) (roundrect_rratio 0.217391)
      (net 106 GNDD))
    (pad 1 smd roundrect (at -1.025 0) (size 1.15 1.4) (layers F.Cu F.Paste F.Mask) (roundrect_rratio 0.217391)
      (net 166 "Net-(C34-Pad1)"))
    (model ${KISYS3DMOD}/Capacitor_SMD.3dshapes/C_0805_2012Metric.wrl
      (at (xyz 0 0 0))
      (scale (xyz 1 1 1))
      (rotate (xyz 0 0 0))
    )
  )

  (module AA-PI-Footprints:C_0805_2012Metric_Pad1.15x1.40mm_HandSolder (layer F.Cu) (tedit 5B36C52B) (tstamp 5C342B38)
    (at 84.78 111.27 270)
    (descr "Capacitor SMD 0805 (2012 Metric), square (rectangular) end terminal, IPC_7351 nominal with elongated pad for handsoldering. (Body size source: https://docs.google.com/spreadsheets/d/1BsfQQcO9C6DZCsRaXUlFlo91Tg2WpOkGARC1WS5S8t0/edit?usp=sharing), generated with kicad-footprint-generator")
    (tags "capacitor handsolder")
    (path /5C3F343F/5D63715D)
    (attr smd)
    (fp_text reference C34 (at 0 -1.65 270) (layer F.SilkS)
      (effects (font (size 1 1) (thickness 0.15)))
    )
    (fp_text value 100n (at 0 1.65 270) (layer F.Fab)
      (effects (font (size 1 1) (thickness 0.15)))
    )
    (fp_line (start -1 0.6) (end -1 -0.6) (layer F.Fab) (width 0.1))
    (fp_line (start -1 -0.6) (end 1 -0.6) (layer F.Fab) (width 0.1))
    (fp_line (start 1 -0.6) (end 1 0.6) (layer F.Fab) (width 0.1))
    (fp_line (start 1 0.6) (end -1 0.6) (layer F.Fab) (width 0.1))
    (fp_line (start -0.261252 -0.71) (end 0.261252 -0.71) (layer F.SilkS) (width 0.12))
    (fp_line (start -0.261252 0.71) (end 0.261252 0.71) (layer F.SilkS) (width 0.12))
    (fp_line (start -1.85 0.95) (end -1.85 -0.95) (layer F.CrtYd) (width 0.05))
    (fp_line (start -1.85 -0.95) (end 1.85 -0.95) (layer F.CrtYd) (width 0.05))
    (fp_line (start 1.85 -0.95) (end 1.85 0.95) (layer F.CrtYd) (width 0.05))
    (fp_line (start 1.85 0.95) (end -1.85 0.95) (layer F.CrtYd) (width 0.05))
    (fp_text user %R (at 0 0 270) (layer F.Fab)
      (effects (font (size 0.5 0.5) (thickness 0.08)))
    )
    (pad 1 smd roundrect (at -1.025 0 270) (size 1.15 1.4) (layers F.Cu F.Paste F.Mask) (roundrect_rratio 0.217391)
      (net 166 "Net-(C34-Pad1)"))
    (pad 2 smd roundrect (at 1.025 0 270) (size 1.15 1.4) (layers F.Cu F.Paste F.Mask) (roundrect_rratio 0.217391)
      (net 106 GNDD))
    (model ${KISYS3DMOD}/Capacitor_SMD.3dshapes/C_0805_2012Metric.wrl
      (at (xyz 0 0 0))
      (scale (xyz 1 1 1))
      (rotate (xyz 0 0 0))
    )
  )

  (module AA-PI-Footprints:C_0805_2012Metric_Pad1.15x1.40mm_HandSolder (layer F.Cu) (tedit 5B36C52B) (tstamp 5C342B28)
    (at 89.25 107.56)
    (descr "Capacitor SMD 0805 (2012 Metric), square (rectangular) end terminal, IPC_7351 nominal with elongated pad for handsoldering. (Body size source: https://docs.google.com/spreadsheets/d/1BsfQQcO9C6DZCsRaXUlFlo91Tg2WpOkGARC1WS5S8t0/edit?usp=sharing), generated with kicad-footprint-generator")
    (tags "capacitor handsolder")
    (path /5C3F343F/5D45E47E)
    (attr smd)
    (fp_text reference C33 (at 0 -1.65) (layer F.SilkS)
      (effects (font (size 1 1) (thickness 0.15)))
    )
    (fp_text value 100n (at 0 1.65) (layer F.Fab)
      (effects (font (size 1 1) (thickness 0.15)))
    )
    (fp_text user %R (at 0 0) (layer F.Fab)
      (effects (font (size 0.5 0.5) (thickness 0.08)))
    )
    (fp_line (start 1.85 0.95) (end -1.85 0.95) (layer F.CrtYd) (width 0.05))
    (fp_line (start 1.85 -0.95) (end 1.85 0.95) (layer F.CrtYd) (width 0.05))
    (fp_line (start -1.85 -0.95) (end 1.85 -0.95) (layer F.CrtYd) (width 0.05))
    (fp_line (start -1.85 0.95) (end -1.85 -0.95) (layer F.CrtYd) (width 0.05))
    (fp_line (start -0.261252 0.71) (end 0.261252 0.71) (layer F.SilkS) (width 0.12))
    (fp_line (start -0.261252 -0.71) (end 0.261252 -0.71) (layer F.SilkS) (width 0.12))
    (fp_line (start 1 0.6) (end -1 0.6) (layer F.Fab) (width 0.1))
    (fp_line (start 1 -0.6) (end 1 0.6) (layer F.Fab) (width 0.1))
    (fp_line (start -1 -0.6) (end 1 -0.6) (layer F.Fab) (width 0.1))
    (fp_line (start -1 0.6) (end -1 -0.6) (layer F.Fab) (width 0.1))
    (pad 2 smd roundrect (at 1.025 0) (size 1.15 1.4) (layers F.Cu F.Paste F.Mask) (roundrect_rratio 0.217391)
      (net 106 GNDD))
    (pad 1 smd roundrect (at -1.025 0) (size 1.15 1.4) (layers F.Cu F.Paste F.Mask) (roundrect_rratio 0.217391)
      (net 104 +V_LCD))
    (model ${KISYS3DMOD}/Capacitor_SMD.3dshapes/C_0805_2012Metric.wrl
      (at (xyz 0 0 0))
      (scale (xyz 1 1 1))
      (rotate (xyz 0 0 0))
    )
  )

  (module AA-PI-Footprints:C_0805_2012Metric_Pad1.15x1.40mm_HandSolder (layer F.Cu) (tedit 5B36C52B) (tstamp 5C342B07)
    (at 214.545001 118.875001)
    (descr "Capacitor SMD 0805 (2012 Metric), square (rectangular) end terminal, IPC_7351 nominal with elongated pad for handsoldering. (Body size source: https://docs.google.com/spreadsheets/d/1BsfQQcO9C6DZCsRaXUlFlo91Tg2WpOkGARC1WS5S8t0/edit?usp=sharing), generated with kicad-footprint-generator")
    (tags "capacitor handsolder")
    (path /5C3F343F/5D5997D8)
    (attr smd)
    (fp_text reference C41 (at 0 -1.65) (layer F.SilkS)
      (effects (font (size 1 1) (thickness 0.15)))
    )
    (fp_text value 100n (at 0 1.65) (layer F.Fab)
      (effects (font (size 1 1) (thickness 0.15)))
    )
    (fp_line (start -1 0.6) (end -1 -0.6) (layer F.Fab) (width 0.1))
    (fp_line (start -1 -0.6) (end 1 -0.6) (layer F.Fab) (width 0.1))
    (fp_line (start 1 -0.6) (end 1 0.6) (layer F.Fab) (width 0.1))
    (fp_line (start 1 0.6) (end -1 0.6) (layer F.Fab) (width 0.1))
    (fp_line (start -0.261252 -0.71) (end 0.261252 -0.71) (layer F.SilkS) (width 0.12))
    (fp_line (start -0.261252 0.71) (end 0.261252 0.71) (layer F.SilkS) (width 0.12))
    (fp_line (start -1.85 0.95) (end -1.85 -0.95) (layer F.CrtYd) (width 0.05))
    (fp_line (start -1.85 -0.95) (end 1.85 -0.95) (layer F.CrtYd) (width 0.05))
    (fp_line (start 1.85 -0.95) (end 1.85 0.95) (layer F.CrtYd) (width 0.05))
    (fp_line (start 1.85 0.95) (end -1.85 0.95) (layer F.CrtYd) (width 0.05))
    (fp_text user %R (at 0 0) (layer F.Fab)
      (effects (font (size 0.5 0.5) (thickness 0.08)))
    )
    (pad 1 smd roundrect (at -1.025 0) (size 1.15 1.4) (layers F.Cu F.Paste F.Mask) (roundrect_rratio 0.217391)
      (net 196 "Net-(C40-Pad1)"))
    (pad 2 smd roundrect (at 1.025 0) (size 1.15 1.4) (layers F.Cu F.Paste F.Mask) (roundrect_rratio 0.217391)
      (net 106 GNDD))
    (model ${KISYS3DMOD}/Capacitor_SMD.3dshapes/C_0805_2012Metric.wrl
      (at (xyz 0 0 0))
      (scale (xyz 1 1 1))
      (rotate (xyz 0 0 0))
    )
  )

  (module AA-PI-Footprints:C_0805_2012Metric_Pad1.15x1.40mm_HandSolder (layer F.Cu) (tedit 5B36C52B) (tstamp 5C342AD6)
    (at 214.545001 116.925001)
    (descr "Capacitor SMD 0805 (2012 Metric), square (rectangular) end terminal, IPC_7351 nominal with elongated pad for handsoldering. (Body size source: https://docs.google.com/spreadsheets/d/1BsfQQcO9C6DZCsRaXUlFlo91Tg2WpOkGARC1WS5S8t0/edit?usp=sharing), generated with kicad-footprint-generator")
    (tags "capacitor handsolder")
    (path /5C3F343F/5D559D1A)
    (attr smd)
    (fp_text reference C42 (at 0 -1.65) (layer F.SilkS)
      (effects (font (size 1 1) (thickness 0.15)))
    )
    (fp_text value 100n (at 0 1.65) (layer F.Fab)
      (effects (font (size 1 1) (thickness 0.15)))
    )
    (fp_text user %R (at 0 0) (layer F.Fab)
      (effects (font (size 0.5 0.5) (thickness 0.08)))
    )
    (fp_line (start 1.85 0.95) (end -1.85 0.95) (layer F.CrtYd) (width 0.05))
    (fp_line (start 1.85 -0.95) (end 1.85 0.95) (layer F.CrtYd) (width 0.05))
    (fp_line (start -1.85 -0.95) (end 1.85 -0.95) (layer F.CrtYd) (width 0.05))
    (fp_line (start -1.85 0.95) (end -1.85 -0.95) (layer F.CrtYd) (width 0.05))
    (fp_line (start -0.261252 0.71) (end 0.261252 0.71) (layer F.SilkS) (width 0.12))
    (fp_line (start -0.261252 -0.71) (end 0.261252 -0.71) (layer F.SilkS) (width 0.12))
    (fp_line (start 1 0.6) (end -1 0.6) (layer F.Fab) (width 0.1))
    (fp_line (start 1 -0.6) (end 1 0.6) (layer F.Fab) (width 0.1))
    (fp_line (start -1 -0.6) (end 1 -0.6) (layer F.Fab) (width 0.1))
    (fp_line (start -1 0.6) (end -1 -0.6) (layer F.Fab) (width 0.1))
    (pad 2 smd roundrect (at 1.025 0) (size 1.15 1.4) (layers F.Cu F.Paste F.Mask) (roundrect_rratio 0.217391)
      (net 106 GNDD))
    (pad 1 smd roundrect (at -1.025 0) (size 1.15 1.4) (layers F.Cu F.Paste F.Mask) (roundrect_rratio 0.217391)
      (net 204 "Net-(C42-Pad1)"))
    (model ${KISYS3DMOD}/Capacitor_SMD.3dshapes/C_0805_2012Metric.wrl
      (at (xyz 0 0 0))
      (scale (xyz 1 1 1))
      (rotate (xyz 0 0 0))
    )
  )

  (module AA-PI-Footprints:C_0805_2012Metric_Pad1.15x1.40mm_HandSolder (layer F.Cu) (tedit 5B36C52B) (tstamp 5C342A96)
    (at 106.8 97.15 90)
    (descr "Capacitor SMD 0805 (2012 Metric), square (rectangular) end terminal, IPC_7351 nominal with elongated pad for handsoldering. (Body size source: https://docs.google.com/spreadsheets/d/1BsfQQcO9C6DZCsRaXUlFlo91Tg2WpOkGARC1WS5S8t0/edit?usp=sharing), generated with kicad-footprint-generator")
    (tags "capacitor handsolder")
    (path /5C3F343F/5D44372A)
    (attr smd)
    (fp_text reference C25 (at 0 -1.65 90) (layer F.SilkS)
      (effects (font (size 1 1) (thickness 0.15)))
    )
    (fp_text value 100n (at 0 1.65 90) (layer F.Fab)
      (effects (font (size 1 1) (thickness 0.15)))
    )
    (fp_line (start -1 0.6) (end -1 -0.6) (layer F.Fab) (width 0.1))
    (fp_line (start -1 -0.6) (end 1 -0.6) (layer F.Fab) (width 0.1))
    (fp_line (start 1 -0.6) (end 1 0.6) (layer F.Fab) (width 0.1))
    (fp_line (start 1 0.6) (end -1 0.6) (layer F.Fab) (width 0.1))
    (fp_line (start -0.261252 -0.71) (end 0.261252 -0.71) (layer F.SilkS) (width 0.12))
    (fp_line (start -0.261252 0.71) (end 0.261252 0.71) (layer F.SilkS) (width 0.12))
    (fp_line (start -1.85 0.95) (end -1.85 -0.95) (layer F.CrtYd) (width 0.05))
    (fp_line (start -1.85 -0.95) (end 1.85 -0.95) (layer F.CrtYd) (width 0.05))
    (fp_line (start 1.85 -0.95) (end 1.85 0.95) (layer F.CrtYd) (width 0.05))
    (fp_line (start 1.85 0.95) (end -1.85 0.95) (layer F.CrtYd) (width 0.05))
    (fp_text user %R (at 0 0 90) (layer F.Fab)
      (effects (font (size 0.5 0.5) (thickness 0.08)))
    )
    (pad 1 smd roundrect (at -1.025 0 90) (size 1.15 1.4) (layers F.Cu F.Paste F.Mask) (roundrect_rratio 0.217391)
      (net 104 +V_LCD))
    (pad 2 smd roundrect (at 1.025 0 90) (size 1.15 1.4) (layers F.Cu F.Paste F.Mask) (roundrect_rratio 0.217391)
      (net 106 GNDD))
    (model ${KISYS3DMOD}/Capacitor_SMD.3dshapes/C_0805_2012Metric.wrl
      (at (xyz 0 0 0))
      (scale (xyz 1 1 1))
      (rotate (xyz 0 0 0))
    )
  )

  (module AA-PI-Footprints:C_1206_3216Metric_Pad1.42x1.75mm_HandSolder (layer F.Cu) (tedit 5B301BBE) (tstamp 5C342915)
    (at 214.095001 105.015001)
    (descr "Capacitor SMD 1206 (3216 Metric), square (rectangular) end terminal, IPC_7351 nominal with elongated pad for handsoldering. (Body size source: http://www.tortai-tech.com/upload/download/2011102023233369053.pdf), generated with kicad-footprint-generator")
    (tags "capacitor handsolder")
    (path /5C3F343F/5C895B3C)
    (attr smd)
    (fp_text reference C43 (at 0 -1.82) (layer F.SilkS)
      (effects (font (size 1 1) (thickness 0.15)))
    )
    (fp_text value 4.7u (at 0 1.82) (layer F.Fab)
      (effects (font (size 1 1) (thickness 0.15)))
    )
    (fp_line (start -1.6 0.8) (end -1.6 -0.8) (layer F.Fab) (width 0.1))
    (fp_line (start -1.6 -0.8) (end 1.6 -0.8) (layer F.Fab) (width 0.1))
    (fp_line (start 1.6 -0.8) (end 1.6 0.8) (layer F.Fab) (width 0.1))
    (fp_line (start 1.6 0.8) (end -1.6 0.8) (layer F.Fab) (width 0.1))
    (fp_line (start -0.602064 -0.91) (end 0.602064 -0.91) (layer F.SilkS) (width 0.12))
    (fp_line (start -0.602064 0.91) (end 0.602064 0.91) (layer F.SilkS) (width 0.12))
