(kicad_pcb (version 20171130) (host pcbnew 5.0.2-bee76a0~70~ubuntu18.04.1)

  (general
    (thickness 1.6)
    (drawings 14)
    (tracks 2736)
    (zones 0)
    (modules 124)
    (nets 108)
  )

  (page A4)
  (title_block
    (title "AA-PI Main Board")
    (date 2018-10-10)
    (rev 2.1)
    (company ORPALTECH)
    (comment 4 "Author: Sergey Suloev")
  )

  (layers
    (0 F.Cu signal)
    (31 B.Cu signal)
    (32 B.Adhes user)
    (33 F.Adhes user)
    (34 B.Paste user)
    (35 F.Paste user)
    (36 B.SilkS user)
    (37 F.SilkS user)
    (38 B.Mask user)
    (39 F.Mask user)
    (40 Dwgs.User user)
    (41 Cmts.User user)
    (42 Eco1.User user)
    (43 Eco2.User user)
    (44 Edge.Cuts user)
    (45 Margin user)
    (46 B.CrtYd user)
    (47 F.CrtYd user)
    (48 B.Fab user)
    (49 F.Fab user)
  )

  (setup
    (last_trace_width 0.254)
    (trace_clearance 0.2032)
    (zone_clearance 0.508)
    (zone_45_only yes)
    (trace_min 0.1524)
    (segment_width 0.2)
    (edge_width 0.1)
    (via_size 0.762)
    (via_drill 0.381)
    (via_min_size 0.6858)
    (via_min_drill 0.3302)
    (uvia_size 0.762)
    (uvia_drill 0.381)
    (uvias_allowed no)
    (uvia_min_size 0.6858)
    (uvia_min_drill 0.3302)
    (pcb_text_width 0.3)
    (pcb_text_size 1.5 1.5)
    (mod_edge_width 0.15)
    (mod_text_size 1 1)
    (mod_text_width 0.15)
    (pad_size 2.41 3.29)
    (pad_drill 1)
    (pad_to_mask_clearance 0.0508)
    (solder_mask_min_width 0.25)
    (aux_axis_origin 50.8 139.7)
    (grid_origin 50.8 139.7)
    (visible_elements FFFFFF7F)
    (pcbplotparams
      (layerselection 0x310f0_ffffffff)
      (usegerberextensions true)
      (usegerberattributes false)
      (usegerberadvancedattributes false)
      (creategerberjobfile false)
      (excludeedgelayer true)
      (linewidth 0.100000)
      (plotframeref false)
      (viasonmask false)
      (mode 1)
      (useauxorigin false)
      (hpglpennumber 1)
      (hpglpenspeed 20)
      (hpglpendiameter 15.000000)
      (psnegative false)
      (psa4output false)
      (plotreference true)
      (plotvalue false)
      (plotinvisibletext false)
      (padsonsilk false)
      (subtractmaskfromsilk false)
      (outputformat 1)
      (mirror false)
      (drillshape 0)
      (scaleselection 1)
      (outputdirectory "Gerber/"))
  )

  (net 0 "")
  (net 1 "Net-(C1-Pad2)")
  (net 2 "Net-(C1-Pad1)")
  (net 3 V_SW)
  (net 4 GND)
  (net 5 "Net-(C4-Pad2)")
  (net 6 V_LOAD)
  (net 7 "Net-(C5-Pad2)")
  (net 8 +5V)
  (net 9 V_IN)
  (net 10 +3V3)
  (net 11 "Net-(C11-Pad1)")
  (net 12 "Net-(C12-Pad1)")
  (net 13 "Net-(C16-Pad1)")
  (net 14 "Net-(C17-Pad1)")
  (net 15 "Net-(C19-Pad1)")
  (net 16 "Net-(C22-Pad1)")
  (net 17 "Net-(C23-Pad1)")
  (net 18 LED-A)
  (net 19 "Net-(D1-Pad2)")
  (net 20 "Net-(D6-Pad1)")
  (net 21 "Net-(D6-Pad2)")
  (net 22 "Net-(D8-Pad2)")
  (net 23 LCD_RESET)
  (net 24 CTP_INT)
  (net 25 "Net-(J2-Pad3)")
  (net 26 "Net-(J2-Pad2)")
  (net 27 "Net-(J2-Pad4)")
  (net 28 "Net-(J3-Pad2)")
  (net 29 "Net-(J3-Pad3)")
  (net 30 "Net-(J3-Pad4)")
  (net 31 "Net-(J6-Pad2)")
  (net 32 "Net-(J6-Pad3)")
  (net 33 TE_OUT)
  (net 34 "Net-(J6-Pad6)")
  (net 35 "Net-(J6-Pad9)")
  (net 36 "Net-(J6-Pad10)")
  (net 37 DSI_D0_N)
  (net 38 DSI_D0_P)
  (net 39 DSI_CLK_N)
  (net 40 DSI_CLK_P)
  (net 41 DSI_D1_N)
  (net 42 DSI_D1_P)
  (net 43 "Net-(J6-Pad21)")
  (net 44 "Net-(J6-Pad22)")
  (net 45 PWM_CABC)
  (net 46 LED-K)
  (net 47 SHDN_CTRL)
  (net 48 CHRG_PG)
  (net 49 CHRG_STAT1)
  (net 50 CHRG_STAT2)
  (net 51 LOW_BATT)
  (net 52 "Net-(J8-Pad14)")
  (net 53 "Net-(J8-Pad15)")
  (net 54 "Net-(J9-Pad5)")
  (net 55 "Net-(J9-Pad7)")
  (net 56 OUT_VV)
  (net 57 OUT_VI)
  (net 58 PWM_MCU)
  (net 59 I2S_BCLK)
  (net 60 I2S_LRCK)
  (net 61 I2S_DIN)
  (net 62 "Net-(J11-Pad1)")
  (net 63 "Net-(L1-Pad2)")
  (net 64 "Net-(Q4-Pad1)")
  (net 65 "Net-(Q5-Pad1)")
  (net 66 "Net-(Q7-Pad3)")
  (net 67 "Net-(R18-Pad1)")
  (net 68 "Net-(R22-Pad1)")
  (net 69 "Net-(R23-Pad1)")
  (net 70 "Net-(R24-Pad1)")
  (net 71 "Net-(R24-Pad2)")
  (net 72 "Net-(R26-Pad1)")
  (net 73 "Net-(U3-Pad2)")
  (net 74 "Net-(U3-Pad4)")
  (net 75 "Net-(U3-Pad5)")
  (net 76 "Net-(U3-Pad8)")
  (net 77 "Net-(U3-Pad9)")
  (net 78 "Net-(U3-Pad10)")
  (net 79 "Net-(U3-Pad11)")
  (net 80 "Net-(U3-Pad12)")
  (net 81 "Net-(U3-Pad13)")
  (net 82 "Net-(U3-Pad17)")
  (net 83 "Net-(U3-Pad18)")
  (net 84 "Net-(U5-Pad16)")
  (net 85 /V_WALL)
  (net 86 /V_USB2)
  (net 87 /V_USB1)
  (net 88 /V_USB)
  (net 89 /V_SUPPLY)
  (net 90 /V_F2)
  (net 91 V_ADC)
  (net 92 "Net-(C29-Pad1)")
  (net 93 ADC_EN)
  (net 94 RADIO_EN)
  (net 95 I2C_SCL_H)
  (net 96 I2C_SDA_H)
  (net 97 V_BATT)
  (net 98 SHDN_REQ)
  (net 99 I2C1_SCL)
  (net 100 I2C1_SDA)
  (net 101 /LCM_ID)
  (net 102 I2C0_SCL)
  (net 103 I2C0_SDA)
  (net 104 "Net-(J10-Pad7)")
  (net 105 "Net-(J10-Pad8)")
  (net 106 "Net-(J7-Pad6)")
  (net 107 "Net-(J9-Pad6)")

  (net_class Default "This is the default net class."
    (clearance 0.2032)
    (trace_width 0.254)
    (via_dia 0.762)
    (via_drill 0.381)
    (uvia_dia 0.762)
    (uvia_drill 0.381)
    (diff_pair_gap 0.254)
    (diff_pair_width 0.254)
    (add_net /LCM_ID)
    (add_net ADC_EN)
    (add_net CHRG_PG)
    (add_net CHRG_STAT1)
    (add_net CHRG_STAT2)
    (add_net CTP_INT)
    (add_net DSI_CLK_N)
    (add_net DSI_CLK_P)
    (add_net DSI_D0_N)
    (add_net DSI_D0_P)
    (add_net DSI_D1_N)
    (add_net DSI_D1_P)
    (add_net GND)
    (add_net I2C0_SCL)
    (add_net I2C0_SDA)
    (add_net I2C1_SCL)
    (add_net I2C1_SDA)
    (add_net I2C_SCL_H)
    (add_net I2C_SDA_H)
    (add_net I2S_BCLK)
    (add_net I2S_DIN)
    (add_net I2S_LRCK)
    (add_net LCD_RESET)
    (add_net LED-A)
    (add_net LED-K)
    (add_net LOW_BATT)
    (add_net "Net-(C1-Pad1)")
    (add_net "Net-(C1-Pad2)")
    (add_net "Net-(C11-Pad1)")
    (add_net "Net-(C12-Pad1)")
    (add_net "Net-(C16-Pad1)")
    (add_net "Net-(C17-Pad1)")
    (add_net "Net-(C19-Pad1)")
    (add_net "Net-(C22-Pad1)")
    (add_net "Net-(C23-Pad1)")
    (add_net "Net-(C29-Pad1)")
    (add_net "Net-(C4-Pad2)")
    (add_net "Net-(C5-Pad2)")
    (add_net "Net-(D1-Pad2)")
    (add_net "Net-(D6-Pad1)")
    (add_net "Net-(D6-Pad2)")
    (add_net "Net-(D8-Pad2)")
    (add_net "Net-(J10-Pad7)")
    (add_net "Net-(J10-Pad8)")
    (add_net "Net-(J11-Pad1)")
    (add_net "Net-(J2-Pad2)")
    (add_net "Net-(J2-Pad3)")
    (add_net "Net-(J2-Pad4)")
    (add_net "Net-(J3-Pad2)")
    (add_net "Net-(J3-Pad3)")
    (add_net "Net-(J3-Pad4)")
    (add_net "Net-(J6-Pad10)")
    (add_net "Net-(J6-Pad2)")
    (add_net "Net-(J6-Pad21)")
    (add_net "Net-(J6-Pad22)")
    (add_net "Net-(J6-Pad3)")
    (add_net "Net-(J6-Pad6)")
    (add_net "Net-(J6-Pad9)")
    (add_net "Net-(J7-Pad6)")
    (add_net "Net-(J8-Pad14)")
    (add_net "Net-(J8-Pad15)")
    (add_net "Net-(J9-Pad5)")
    (add_net "Net-(J9-Pad6)")
    (add_net "Net-(J9-Pad7)")
    (add_net "Net-(L1-Pad2)")
    (add_net "Net-(Q4-Pad1)")
    (add_net "Net-(Q5-Pad1)")
    (add_net "Net-(Q7-Pad3)")
    (add_net "Net-(R18-Pad1)")
    (add_net "Net-(R22-Pad1)")
    (add_net "Net-(R23-Pad1)")
    (add_net "Net-(R24-Pad1)")
    (add_net "Net-(R24-Pad2)")
    (add_net "Net-(R26-Pad1)")
    (add_net "Net-(U3-Pad10)")
    (add_net "Net-(U3-Pad11)")
    (add_net "Net-(U3-Pad12)")
    (add_net "Net-(U3-Pad13)")
    (add_net "Net-(U3-Pad17)")
    (add_net "Net-(U3-Pad18)")
    (add_net "Net-(U3-Pad2)")
    (add_net "Net-(U3-Pad4)")
    (add_net "Net-(U3-Pad5)")
    (add_net "Net-(U3-Pad8)")
    (add_net "Net-(U3-Pad9)")
    (add_net "Net-(U5-Pad16)")
    (add_net OUT_VI)
    (add_net OUT_VV)
    (add_net PWM_CABC)
    (add_net PWM_MCU)
    (add_net RADIO_EN)
    (add_net SHDN_CTRL)
    (add_net SHDN_REQ)
    (add_net TE_OUT)
    (add_net V_ADC)
    (add_net V_BATT)
  )

  (net_class Power ""
    (clearance 0.2032)
    (trace_width 0.508)
    (via_dia 1.016)
    (via_drill 0.508)
    (uvia_dia 1.016)
    (uvia_drill 0.508)
    (diff_pair_gap 0.254)
    (diff_pair_width 0.254)
    (add_net +3V3)
    (add_net +5V)
    (add_net /V_F2)
    (add_net /V_SUPPLY)
    (add_net /V_USB)
    (add_net /V_USB1)
    (add_net /V_USB2)
    (add_net /V_WALL)
    (add_net V_IN)
    (add_net V_LOAD)
    (add_net V_SW)
  )

  (module AA-PI-Footprints:1.25-AB-SMT-10pin-Vertical (layer F.Cu) (tedit 5BB60FDA) (tstamp 5C181414)
    (at 121.45 68.05 90)
    (path /5C8EF3D2)
    (attr smd)
    (fp_text reference J7 (at 0 2.15 90) (layer F.SilkS)
      (effects (font (size 1 1) (thickness 0.15)))
    )
    (fp_text value "Power Control" (at 0 5 90) (layer F.Fab)
      (effects (font (size 1 1) (thickness 0.15)))
    )
    (fp_line (start -6.25 -1.225) (end 6.25 -1.225) (layer F.SilkS) (width 0.15))
    (fp_line (start -6.25 1.225) (end 6.25 1.225) (layer F.SilkS) (width 0.15))
    (fp_line (start -6.25 1.225) (end -6.25 4.05) (layer F.SilkS) (width 0.15))
    (fp_line (start 6.25 1.225) (end 6.25 4.05) (layer F.SilkS) (width 0.15))
    (fp_line (start -6.25 4.05) (end -9.675 4.05) (layer F.SilkS) (width 0.15))
    (fp_line (start 6.25 4.05) (end 9.675 4.05) (layer F.SilkS) (width 0.15))
    (fp_line (start -9.675 4.05) (end -9.675 1) (layer F.SilkS) (width 0.15))
    (fp_line (start 9.675 4.05) (end 9.675 1) (layer F.SilkS) (width 0.15))
    (fp_line (start -9.675 1) (end -6.25 1) (layer F.SilkS) (width 0.15))
    (fp_line (start 9.675 1) (end 6.25 1) (layer F.SilkS) (width 0.15))
    (fp_line (start -6.25 1) (end -6.25 -1.225) (layer F.SilkS) (width 0.15))
    (fp_line (start 6.25 1) (end 6.25 -1.225) (layer F.SilkS) (width 0.15))
    (pad 1 smd rect (at -5.625 0 90) (size 0.8 2) (layers F.Cu F.Paste F.Mask)
      (net 47 SHDN_CTRL))
    (pad 2 smd rect (at -4.375 0 90) (size 0.8 2) (layers F.Cu F.Paste F.Mask)
      (net 48 CHRG_PG))
    (pad 3 smd rect (at -3.125 0 90) (size 0.8 2) (layers F.Cu F.Paste F.Mask)
      (net 49 CHRG_STAT1))
    (pad 4 smd rect (at -1.875 0 90) (size 0.8 2) (layers F.Cu F.Paste F.Mask)
      (net 50 CHRG_STAT2))
    (pad 5 smd rect (at -0.625 0 90) (size 0.8 2) (layers F.Cu F.Paste F.Mask)
      (net 51 LOW_BATT))
    (pad 6 smd rect (at 0.625 0 90) (size 0.8 2) (layers F.Cu F.Paste F.Mask)
      (net 106 "Net-(J7-Pad6)"))
    (pad 7 smd rect (at 1.875 0 90) (size 0.8 2) (layers F.Cu F.Paste F.Mask)
      (net 98 SHDN_REQ))
    (pad 8 smd rect (at 3.125 0 90) (size 0.8 2) (layers F.Cu F.Paste F.Mask)
      (net 93 ADC_EN))
    (pad 9 smd rect (at 4.375 0 90) (size 0.8 2) (layers F.Cu F.Paste F.Mask)
      (net 94 RADIO_EN))
    (pad 10 smd rect (at 5.625 0 90) (size 0.8 2) (layers F.Cu F.Paste F.Mask)
      (net 4 GND))
    (pad SH smd rect (at -8.125 2.6 90) (size 2.2 2.6) (layers F.Cu F.Paste F.Mask)
      (net 4 GND))
    (pad SH smd rect (at 8.125 2.6 90) (size 2.2 2.6) (layers F.Cu F.Paste F.Mask)
      (net 4 GND))
  )

  (module AA-PI-Footprints:R_0805_2012Metric_Pad1.15x1.40mm_HandSolder (layer F.Cu) (tedit 5B36C52B) (tstamp 5C180B3F)
    (at 205.535001 96.275001)
    (descr "Resistor SMD 0805 (2012 Metric), square (rectangular) end terminal, IPC_7351 nominal with elongated pad for handsoldering. (Body size source: https://docs.google.com/spreadsheets/d/1BsfQQcO9C6DZCsRaXUlFlo91Tg2WpOkGARC1WS5S8t0/edit?usp=sharing), generated with kicad-footprint-generator")
    (tags "resistor handsolder")
    (path /5C13098E)
    (attr smd)
    (fp_text reference R37 (at 0 -1.65) (layer F.SilkS)
      (effects (font (size 1 1) (thickness 0.15)))
    )
    (fp_text value 10K (at 0 1.65) (layer F.Fab)
      (effects (font (size 1 1) (thickness 0.15)))
    )
    (fp_line (start -1 0.6) (end -1 -0.6) (layer F.Fab) (width 0.1))
    (fp_line (start -1 -0.6) (end 1 -0.6) (layer F.Fab) (width 0.1))
    (fp_line (start 1 -0.6) (end 1 0.6) (layer F.Fab) (width 0.1))
    (fp_line (start 1 0.6) (end -1 0.6) (layer F.Fab) (width 0.1))
    (fp_line (start -0.261252 -0.71) (end 0.261252 -0.71) (layer F.SilkS) (width 0.12))
    (fp_line (start -0.261252 0.71) (end 0.261252 0.71) (layer F.SilkS) (width 0.12))
    (fp_line (start -1.85 0.95) (end -1.85 -0.95) (layer F.CrtYd) (width 0.05))
    (fp_line (start -1.85 -0.95) (end 1.85 -0.95) (layer F.CrtYd) (width 0.05))
    (fp_line (start 1.85 -0.95) (end 1.85 0.95) (layer F.CrtYd) (width 0.05))
    (fp_line (start 1.85 0.95) (end -1.85 0.95) (layer F.CrtYd) (width 0.05))
    (fp_text user %R (at 0 0) (layer F.Fab)
      (effects (font (size 0.5 0.5) (thickness 0.08)))
    )
    (pad 1 smd roundrect (at -1.025 0) (size 1.15 1.4) (layers F.Cu F.Paste F.Mask) (roundrect_rratio 0.217391)
      (net 98 SHDN_REQ))
    (pad 2 smd roundrect (at 1.025 0) (size 1.15 1.4) (layers F.Cu F.Paste F.Mask) (roundrect_rratio 0.217391)
      (net 10 +3V3))
    (model ${KISYS3DMOD}/Resistor_SMD.3dshapes/R_0805_2012Metric.wrl
      (at (xyz 0 0 0))
      (scale (xyz 1 1 1))
      (rotate (xyz 0 0 0))
    )
  )

  (module AA-PI-Footprints:SOT-23 (layer F.Cu) (tedit 5BB63CDF) (tstamp 5C18048E)
    (at 209.235001 97.075001)
    (descr "SOT-23, Standard")
    (tags SOT-23)
    (path /5C130988)
    (attr smd)
    (fp_text reference Q11 (at 0 -2.5) (layer F.SilkS)
      (effects (font (size 1 1) (thickness 0.15)))
    )
    (fp_text value IRLML6244 (at 0 2.5) (layer F.Fab)
      (effects (font (size 1 1) (thickness 0.15)))
    )
    (fp_text user %R (at 0 0 90) (layer F.Fab)
      (effects (font (size 0.5 0.5) (thickness 0.075)))
    )
    (fp_line (start -0.7 -0.95) (end -0.7 1.5) (layer F.Fab) (width 0.1))
    (fp_line (start -0.15 -1.52) (end 0.7 -1.52) (layer F.Fab) (width 0.1))
    (fp_line (start -0.7 -0.95) (end -0.15 -1.52) (layer F.Fab) (width 0.1))
    (fp_line (start 0.7 -1.52) (end 0.7 1.52) (layer F.Fab) (width 0.1))
    (fp_line (start -0.7 1.52) (end 0.7 1.52) (layer F.Fab) (width 0.1))
    (fp_line (start 0.76 1.58) (end 0.76 0.65) (layer F.SilkS) (width 0.12))
    (fp_line (start 0.76 -1.58) (end 0.76 -0.65) (layer F.SilkS) (width 0.12))
    (fp_line (start -1.8 -1.75) (end 1.8 -1.75) (layer F.CrtYd) (width 0.05))
    (fp_line (start 1.8 -1.75) (end 1.8 1.75) (layer F.CrtYd) (width 0.05))
    (fp_line (start 1.8 1.75) (end -1.8 1.75) (layer F.CrtYd) (width 0.05))
    (fp_line (start -1.8 1.75) (end -1.8 -1.75) (layer F.CrtYd) (width 0.05))
    (fp_line (start 0.76 -1.58) (end -1.4 -1.58) (layer F.SilkS) (width 0.12))
    (fp_line (start 0.76 1.58) (end -0.7 1.58) (layer F.SilkS) (width 0.12))
    (pad 1 smd rect (at -1 -0.95) (size 1 0.8) (layers F.Cu F.Paste F.Mask)
      (net 10 +3V3))
    (pad 2 smd rect (at -1 0.95) (size 1 0.8) (layers F.Cu F.Paste F.Mask)
      (net 98 SHDN_REQ))
    (pad 3 smd rect (at 1 0) (size 1 0.8) (layers F.Cu F.Paste F.Mask)
      (net 2 "Net-(C1-Pad1)"))
    (model ${KISYS3DMOD}/Package_TO_SOT_SMD.3dshapes/SOT-23.wrl
      (at (xyz 0 0 0))
      (scale (xyz 1 1 1))
      (rotate (xyz 0 0 0))
    )
  )

  (module AA-PI-Footprints:R_0805_2012Metric_Pad1.15x1.40mm_HandSolder (layer F.Cu) (tedit 5B36C52B) (tstamp 5BFF4E59)
    (at 208.565001 81.005001)
    (descr "Resistor SMD 0805 (2012 Metric), square (rectangular) end terminal, IPC_7351 nominal with elongated pad for handsoldering. (Body size source: https://docs.google.com/spreadsheets/d/1BsfQQcO9C6DZCsRaXUlFlo91Tg2WpOkGARC1WS5S8t0/edit?usp=sharing), generated with kicad-footprint-generator")
    (tags "resistor handsolder")
    (path /5CA29920)
    (attr smd)
    (fp_text reference R34 (at 0 -1.65) (layer F.SilkS)
      (effects (font (size 1 1) (thickness 0.15)))
    )
    (fp_text value 10K (at 0 1.65) (layer F.Fab)
      (effects (font (size 1 1) (thickness 0.15)))
    )
    (fp_text user %R (at 0 0) (layer F.Fab)
      (effects (font (size 0.5 0.5) (thickness 0.08)))
    )
    (fp_line (start 1.85 0.95) (end -1.85 0.95) (layer F.CrtYd) (width 0.05))
    (fp_line (start 1.85 -0.95) (end 1.85 0.95) (layer F.CrtYd) (width 0.05))
    (fp_line (start -1.85 -0.95) (end 1.85 -0.95) (layer F.CrtYd) (width 0.05))
    (fp_line (start -1.85 0.95) (end -1.85 -0.95) (layer F.CrtYd) (width 0.05))
    (fp_line (start -0.261252 0.71) (end 0.261252 0.71) (layer F.SilkS) (width 0.12))
    (fp_line (start -0.261252 -0.71) (end 0.261252 -0.71) (layer F.SilkS) (width 0.12))
    (fp_line (start 1 0.6) (end -1 0.6) (layer F.Fab) (width 0.1))
    (fp_line (start 1 -0.6) (end 1 0.6) (layer F.Fab) (width 0.1))
    (fp_line (start -1 -0.6) (end 1 -0.6) (layer F.Fab) (width 0.1))
    (fp_line (start -1 0.6) (end -1 -0.6) (layer F.Fab) (width 0.1))
    (pad 2 smd roundrect (at 1.025 0) (size 1.15 1.4) (layers F.Cu F.Paste F.Mask) (roundrect_rratio 0.217391)
      (net 8 +5V))
    (pad 1 smd roundrect (at -1.025 0) (size 1.15 1.4) (layers F.Cu F.Paste F.Mask) (roundrect_rratio 0.217391)
      (net 96 I2C_SDA_H))
    (model ${KISYS3DMOD}/Resistor_SMD.3dshapes/R_0805_2012Metric.wrl
      (at (xyz 0 0 0))
      (scale (xyz 1 1 1))
      (rotate (xyz 0 0 0))
    )
  )

  (module AA-PI-Footprints:R_0805_2012Metric_Pad1.15x1.40mm_HandSolder (layer F.Cu) (tedit 5B36C52B) (tstamp 5BFF4E48)
    (at 213.965001 75.605001)
    (descr "Resistor SMD 0805 (2012 Metric), square (rectangular) end terminal, IPC_7351 nominal with elongated pad for handsoldering. (Body size source: https://docs.google.com/spreadsheets/d/1BsfQQcO9C6DZCsRaXUlFlo91Tg2WpOkGARC1WS5S8t0/edit?usp=sharing), generated with kicad-footprint-generator")
    (tags "resistor handsolder")
    (path /5CA29919)
    (attr smd)
    (fp_text reference R33 (at 0 -1.65) (layer F.SilkS)
      (effects (font (size 1 1) (thickness 0.15)))
    )
    (fp_text value 10K (at 0 1.65) (layer F.Fab)
      (effects (font (size 1 1) (thickness 0.15)))
    )
    (fp_line (start -1 0.6) (end -1 -0.6) (layer F.Fab) (width 0.1))
    (fp_line (start -1 -0.6) (end 1 -0.6) (layer F.Fab) (width 0.1))
    (fp_line (start 1 -0.6) (end 1 0.6) (layer F.Fab) (width 0.1))
    (fp_line (start 1 0.6) (end -1 0.6) (layer F.Fab) (width 0.1))
    (fp_line (start -0.261252 -0.71) (end 0.261252 -0.71) (layer F.SilkS) (width 0.12))
    (fp_line (start -0.261252 0.71) (end 0.261252 0.71) (layer F.SilkS) (width 0.12))
    (fp_line (start -1.85 0.95) (end -1.85 -0.95) (layer F.CrtYd) (width 0.05))
    (fp_line (start -1.85 -0.95) (end 1.85 -0.95) (layer F.CrtYd) (width 0.05))
    (fp_line (start 1.85 -0.95) (end 1.85 0.95) (layer F.CrtYd) (width 0.05))
    (fp_line (start 1.85 0.95) (end -1.85 0.95) (layer F.CrtYd) (width 0.05))
    (fp_text user %R (at 0 0) (layer F.Fab)
      (effects (font (size 0.5 0.5) (thickness 0.08)))
    )
    (pad 1 smd roundrect (at -1.025 0) (size 1.15 1.4) (layers F.Cu F.Paste F.Mask) (roundrect_rratio 0.217391)
      (net 95 I2C_SCL_H))
    (pad 2 smd roundrect (at 1.025 0) (size 1.15 1.4) (layers F.Cu F.Paste F.Mask) (roundrect_rratio 0.217391)
      (net 8 +5V))
    (model ${KISYS3DMOD}/Resistor_SMD.3dshapes/R_0805_2012Metric.wrl
      (at (xyz 0 0 0))
      (scale (xyz 1 1 1))
      (rotate (xyz 0 0 0))
    )
  )

  (module AA-PI-Footprints:R_0805_2012Metric_Pad1.15x1.40mm_HandSolder (layer F.Cu) (tedit 5B36C52B) (tstamp 5BFF4E17)
    (at 40.26 108)
    (descr "Resistor SMD 0805 (2012 Metric), square (rectangular) end terminal, IPC_7351 nominal with elongated pad for handsoldering. (Body size source: https://docs.google.com/spreadsheets/d/1BsfQQcO9C6DZCsRaXUlFlo91Tg2WpOkGARC1WS5S8t0/edit?usp=sharing), generated with kicad-footprint-generator")
    (tags "resistor handsolder")
    (path /5C4FDED7)
    (attr smd)
    (fp_text reference R36 (at 0 -1.65) (layer F.SilkS)
      (effects (font (size 1 1) (thickness 0.15)))
    )
    (fp_text value 10K (at 0 1.65) (layer F.Fab)
      (effects (font (size 1 1) (thickness 0.15)))
    )
    (fp_text user %R (at 0 0) (layer F.Fab)
      (effects (font (size 0.5 0.5) (thickness 0.08)))
    )
    (fp_line (start 1.85 0.95) (end -1.85 0.95) (layer F.CrtYd) (width 0.05))
    (fp_line (start 1.85 -0.95) (end 1.85 0.95) (layer F.CrtYd) (width 0.05))
    (fp_line (start -1.85 -0.95) (end 1.85 -0.95) (layer F.CrtYd) (width 0.05))
    (fp_line (start -1.85 0.95) (end -1.85 -0.95) (layer F.CrtYd) (width 0.05))
    (fp_line (start -0.261252 0.71) (end 0.261252 0.71) (layer F.SilkS) (width 0.12))
    (fp_line (start -0.261252 -0.71) (end 0.261252 -0.71) (layer F.SilkS) (width 0.12))
    (fp_line (start 1 0.6) (end -1 0.6) (layer F.Fab) (width 0.1))
    (fp_line (start 1 -0.6) (end 1 0.6) (layer F.Fab) (width 0.1))
    (fp_line (start -1 -0.6) (end 1 -0.6) (layer F.Fab) (width 0.1))
    (fp_line (start -1 0.6) (end -1 -0.6) (layer F.Fab) (width 0.1))
    (pad 2 smd roundrect (at 1.025 0) (size 1.15 1.4) (layers F.Cu F.Paste F.Mask) (roundrect_rratio 0.217391)
      (net 10 +3V3))
    (pad 1 smd roundrect (at -1.025 0) (size 1.15 1.4) (layers F.Cu F.Paste F.Mask) (roundrect_rratio 0.217391)
      (net 101 /LCM_ID))
    (model ${KISYS3DMOD}/Resistor_SMD.3dshapes/R_0805_2012Metric.wrl
      (at (xyz 0 0 0))
      (scale (xyz 1 1 1))
      (rotate (xyz 0 0 0))
    )
  )

  (module AA-PI-Footprints:R_0805_2012Metric_Pad1.15x1.40mm_HandSolder (layer F.Cu) (tedit 5B36C52B) (tstamp 5BFF4D86)
    (at 40.79 111.82)
    (descr "Resistor SMD 0805 (2012 Metric), square (rectangular) end terminal, IPC_7351 nominal with elongated pad for handsoldering. (Body size source: https://docs.google.com/spreadsheets/d/1BsfQQcO9C6DZCsRaXUlFlo91Tg2WpOkGARC1WS5S8t0/edit?usp=sharing), generated with kicad-footprint-generator")
    (tags "resistor handsolder")
    (path /5C4FB84D)
    (attr smd)
    (fp_text reference R35 (at 0 -1.65) (layer F.SilkS)
      (effects (font (size 1 1) (thickness 0.15)))
    )
    (fp_text value 10K (at 0 1.65) (layer F.Fab)
      (effects (font (size 1 1) (thickness 0.15)))
    )
    (fp_line (start -1 0.6) (end -1 -0.6) (layer F.Fab) (width 0.1))
    (fp_line (start -1 -0.6) (end 1 -0.6) (layer F.Fab) (width 0.1))
    (fp_line (start 1 -0.6) (end 1 0.6) (layer F.Fab) (width 0.1))
    (fp_line (start 1 0.6) (end -1 0.6) (layer F.Fab) (width 0.1))
    (fp_line (start -0.261252 -0.71) (end 0.261252 -0.71) (layer F.SilkS) (width 0.12))
    (fp_line (start -0.261252 0.71) (end 0.261252 0.71) (layer F.SilkS) (width 0.12))
    (fp_line (start -1.85 0.95) (end -1.85 -0.95) (layer F.CrtYd) (width 0.05))
    (fp_line (start -1.85 -0.95) (end 1.85 -0.95) (layer F.CrtYd) (width 0.05))
    (fp_line (start 1.85 -0.95) (end 1.85 0.95) (layer F.CrtYd) (width 0.05))
    (fp_line (start 1.85 0.95) (end -1.85 0.95) (layer F.CrtYd) (width 0.05))
    (fp_text user %R (at 0 0) (layer F.Fab)
      (effects (font (size 0.5 0.5) (thickness 0.08)))
    )
    (pad 1 smd roundrect (at -1.025 0) (size 1.15 1.4) (layers F.Cu F.Paste F.Mask) (roundrect_rratio 0.217391)
      (net 101 /LCM_ID))
    (pad 2 smd roundrect (at 1.025 0) (size 1.15 1.4) (layers F.Cu F.Paste F.Mask) (roundrect_rratio 0.217391)
      (net 4 GND))
    (model ${KISYS3DMOD}/Resistor_SMD.3dshapes/R_0805_2012Metric.wrl
      (at (xyz 0 0 0))
      (scale (xyz 1 1 1))
      (rotate (xyz 0 0 0))
    )
  )

  (module AA-PI-Footprints:SOT-23 (layer F.Cu) (tedit 5BB63CDF) (tstamp 5BFF4A1D)
    (at 215.915001 78.355001)
    (descr "SOT-23, Standard")
    (tags SOT-23)
    (path /5C8BD066)
    (attr smd)
    (fp_text reference Q9 (at 0 -2.5) (layer F.SilkS)
      (effects (font (size 1 1) (thickness 0.15)))
    )
    (fp_text value IRLML6244 (at 0 2.5) (layer F.Fab)
      (effects (font (size 1 1) (thickness 0.15)))
    )
    (fp_line (start 0.76 1.58) (end -0.7 1.58) (layer F.SilkS) (width 0.12))
    (fp_line (start 0.76 -1.58) (end -1.4 -1.58) (layer F.SilkS) (width 0.12))
    (fp_line (start -1.8 1.75) (end -1.8 -1.75) (layer F.CrtYd) (width 0.05))
    (fp_line (start 1.8 1.75) (end -1.8 1.75) (layer F.CrtYd) (width 0.05))
    (fp_line (start 1.8 -1.75) (end 1.8 1.75) (layer F.CrtYd) (width 0.05))
    (fp_line (start -1.8 -1.75) (end 1.8 -1.75) (layer F.CrtYd) (width 0.05))
    (fp_line (start 0.76 -1.58) (end 0.76 -0.65) (layer F.SilkS) (width 0.12))
    (fp_line (start 0.76 1.58) (end 0.76 0.65) (layer F.SilkS) (width 0.12))
    (fp_line (start -0.7 1.52) (end 0.7 1.52) (layer F.Fab) (width 0.1))
    (fp_line (start 0.7 -1.52) (end 0.7 1.52) (layer F.Fab) (width 0.1))
    (fp_line (start -0.7 -0.95) (end -0.15 -1.52) (layer F.Fab) (width 0.1))
    (fp_line (start -0.15 -1.52) (end 0.7 -1.52) (layer F.Fab) (width 0.1))
    (fp_line (start -0.7 -0.95) (end -0.7 1.5) (layer F.Fab) (width 0.1))
    (fp_text user %R (at 0 0 90) (layer F.Fab)
      (effects (font (size 0.5 0.5) (thickness 0.075)))
    )
    (pad 3 smd rect (at 1 0) (size 1 0.8) (layers F.Cu F.Paste F.Mask)
      (net 96 I2C_SDA_H))
    (pad 2 smd rect (at -1 0.95) (size 1 0.8) (layers F.Cu F.Paste F.Mask)
      (net 100 I2C1_SDA))
    (pad 1 smd rect (at -1 -0.95) (size 1 0.8) (layers F.Cu F.Paste F.Mask)
      (net 10 +3V3))
    (model ${KISYS3DMOD}/Package_TO_SOT_SMD.3dshapes/SOT-23.wrl
      (at (xyz 0 0 0))
      (scale (xyz 1 1 1))
      (rotate (xyz 0 0 0))
    )
  )

  (module AA-PI-Footprints:SOT-23 (layer F.Cu) (tedit 5BB63CDF) (tstamp 5BFF4A08)
    (at 212.265001 81.805001)
    (descr "SOT-23, Standard")
    (tags SOT-23)
    (path /5C8BDDB8)
    (attr smd)
    (fp_text reference Q10 (at 0 -2.5) (layer F.SilkS)
      (effects (font (size 1 1) (thickness 0.15)))
    )
    (fp_text value IRLML6244 (at 0 2.5) (layer F.Fab)
      (effects (font (size 1 1) (thickness 0.15)))
    )
    (fp_text user %R (at 0 0 90) (layer F.Fab)
      (effects (font (size 0.5 0.5) (thickness 0.075)))
    )
    (fp_line (start -0.7 -0.95) (end -0.7 1.5) (layer F.Fab) (width 0.1))
    (fp_line (start -0.15 -1.52) (end 0.7 -1.52) (layer F.Fab) (width 0.1))
    (fp_line (start -0.7 -0.95) (end -0.15 -1.52) (layer F.Fab) (width 0.1))
    (fp_line (start 0.7 -1.52) (end 0.7 1.52) (layer F.Fab) (width 0.1))
    (fp_line (start -0.7 1.52) (end 0.7 1.52) (layer F.Fab) (width 0.1))
    (fp_line (start 0.76 1.58) (end 0.76 0.65) (layer F.SilkS) (width 0.12))
    (fp_line (start 0.76 -1.58) (end 0.76 -0.65) (layer F.SilkS) (width 0.12))
    (fp_line (start -1.8 -1.75) (end 1.8 -1.75) (layer F.CrtYd) (width 0.05))
    (fp_line (start 1.8 -1.75) (end 1.8 1.75) (layer F.CrtYd) (width 0.05))
    (fp_line (start 1.8 1.75) (end -1.8 1.75) (layer F.CrtYd) (width 0.05))
    (fp_line (start -1.8 1.75) (end -1.8 -1.75) (layer F.CrtYd) (width 0.05))
    (fp_line (start 0.76 -1.58) (end -1.4 -1.58) (layer F.SilkS) (width 0.12))
    (fp_line (start 0.76 1.58) (end -0.7 1.58) (layer F.SilkS) (width 0.12))
    (pad 1 smd rect (at -1 -0.95) (size 1 0.8) (layers F.Cu F.Paste F.Mask)
      (net 10 +3V3))
    (pad 2 smd rect (at -1 0.95) (size 1 0.8) (layers F.Cu F.Paste F.Mask)
      (net 99 I2C1_SCL))
    (pad 3 smd rect (at 1 0) (size 1 0.8) (layers F.Cu F.Paste F.Mask)
      (net 95 I2C_SCL_H))
    (model ${KISYS3DMOD}/Package_TO_SOT_SMD.3dshapes/SOT-23.wrl
      (at (xyz 0 0 0))
      (scale (xyz 1 1 1))
      (rotate (xyz 0 0 0))
    )
  )

  (module AA-PI-Footprints:R_0805_2012Metric_Pad1.15x1.40mm_HandSolder (layer F.Cu) (tedit 5B36C52B) (tstamp 5BFA39EF)
    (at 93.24 63.66 90)
    (descr "Resistor SMD 0805 (2012 Metric), square (rectangular) end terminal, IPC_7351 nominal with elongated pad for handsoldering. (Body size source: https://docs.google.com/spreadsheets/d/1BsfQQcO9C6DZCsRaXUlFlo91Tg2WpOkGARC1WS5S8t0/edit?usp=sharing), generated with kicad-footprint-generator")
    (tags "resistor handsolder")
    (path /5C90A4E4)
    (attr smd)
    (fp_text reference R32 (at 0 -1.65 90) (layer F.SilkS)
      (effects (font (size 1 1) (thickness 0.15)))
    )
    (fp_text value 0 (at 0 1.65 90) (layer F.Fab)
      (effects (font (size 1 1) (thickness 0.15)))
    )
    (fp_line (start -1 0.6) (end -1 -0.6) (layer F.Fab) (width 0.1))
    (fp_line (start -1 -0.6) (end 1 -0.6) (layer F.Fab) (width 0.1))
    (fp_line (start 1 -0.6) (end 1 0.6) (layer F.Fab) (width 0.1))
    (fp_line (start 1 0.6) (end -1 0.6) (layer F.Fab) (width 0.1))
    (fp_line (start -0.261252 -0.71) (end 0.261252 -0.71) (layer F.SilkS) (width 0.12))
    (fp_line (start -0.261252 0.71) (end 0.261252 0.71) (layer F.SilkS) (width 0.12))
    (fp_line (start -1.85 0.95) (end -1.85 -0.95) (layer F.CrtYd) (width 0.05))
    (fp_line (start -1.85 -0.95) (end 1.85 -0.95) (layer F.CrtYd) (width 0.05))
    (fp_line (start 1.85 -0.95) (end 1.85 0.95) (layer F.CrtYd) (width 0.05))
    (fp_line (start 1.85 0.95) (end -1.85 0.95) (layer F.CrtYd) (width 0.05))
    (fp_text user %R (at 0 0 90) (layer F.Fab)
      (effects (font (size 0.5 0.5) (thickness 0.08)))
    )
    (pad 1 smd roundrect (at -1.025 0 90) (size 1.15 1.4) (layers F.Cu F.Paste F.Mask) (roundrect_rratio 0.217391)
      (net 8 +5V))
    (pad 2 smd roundrect (at 1.025 0 90) (size 1.15 1.4) (layers F.Cu F.Paste F.Mask) (roundrect_rratio 0.217391)
      (net 93 ADC_EN))
    (model ${KISYS3DMOD}/Resistor_SMD.3dshapes/R_0805_2012Metric.wrl
      (at (xyz 0 0 0))
      (scale (xyz 1 1 1))
      (rotate (xyz 0 0 0))
    )
  )

  (module SOT94P279X130-5N (layer F.Cu) (tedit 5BC03FA2) (tstamp 5BF8AA77)
    (at 83.85 65.55 180)
    (descr "SOT-23-5 Surface Mount Package")
    (tags "Integrated Circuit")
    (path /5C0903AF)
    (attr smd)
    (fp_text reference U7 (at 0 -2.794 180) (layer F.SilkS)
      (effects (font (size 1.27 1.27) (thickness 0.254)))
    )
    (fp_text value RT9193-2HPB (at 0 3.048 180) (layer F.SilkS) hide
      (effects (font (size 1.27 1.27) (thickness 0.254)))
    )
    (fp_line (start -2.125 -1.8) (end 2.125 -1.8) (layer Dwgs.User) (width 0.05))
    (fp_line (start 2.125 -1.8) (end 2.125 1.8) (layer Dwgs.User) (width 0.05))
    (fp_line (start 2.125 1.8) (end -2.125 1.8) (layer Dwgs.User) (width 0.05))
    (fp_line (start -2.125 1.8) (end -2.125 -1.8) (layer Dwgs.User) (width 0.05))
    (fp_line (start -0.8 -1.448) (end 0.8 -1.448) (layer Dwgs.User) (width 0.1))
    (fp_line (start 0.8 -1.448) (end 0.8 1.448) (layer Dwgs.User) (width 0.1))
    (fp_line (start 0.8 1.448) (end -0.8 1.448) (layer Dwgs.User) (width 0.1))
    (fp_line (start -0.8 1.448) (end -0.8 -1.448) (layer Dwgs.User) (width 0.1))
    (fp_line (start -0.8 -0.508) (end 0.14 -1.448) (layer Dwgs.User) (width 0.1))
    (fp_line (start -0.275 -1.448) (end 0.275 -1.448) (layer F.SilkS) (width 0.2))
    (fp_line (start 0.275 -1.448) (end 0.275 1.448) (layer F.SilkS) (width 0.2))
    (fp_line (start 0.275 1.448) (end -0.275 1.448) (layer F.SilkS) (width 0.2))
    (fp_line (start -0.275 1.448) (end -0.275 -1.448) (layer F.SilkS) (width 0.2))
    (fp_line (start -1.875 -1.514) (end -0.625 -1.514) (layer F.SilkS) (width 0.2))
    (pad 1 smd rect (at -1.25 -0.94 270) (size 0.65 1.25) (layers F.Cu F.Paste F.Mask)
      (net 8 +5V))
    (pad 2 smd rect (at -1.25 0 270) (size 0.65 1.25) (layers F.Cu F.Paste F.Mask)
      (net 4 GND))
    (pad 3 smd rect (at -1.25 0.94 270) (size 0.65 1.25) (layers F.Cu F.Paste F.Mask)
      (net 93 ADC_EN))
    (pad 4 smd rect (at 1.25 0.94 270) (size 0.65 1.25) (layers F.Cu F.Paste F.Mask)
      (net 92 "Net-(C29-Pad1)"))
    (pad 5 smd rect (at 1.25 -0.94 270) (size 0.65 1.25) (layers F.Cu F.Paste F.Mask)
      (net 91 V_ADC))
    (model ${KISYS3DMOD}/Package_TO_SOT_SMD.3dshapes/TSOT-23-5.wrl
      (at (xyz 0 0 0))
      (scale (xyz 1 1 1))
      (rotate (xyz 0 0 0))
    )
  )

  (module AA-PI-Footprints:C_0805_2012Metric_Pad1.15x1.40mm_HandSolder (layer F.Cu) (tedit 5BF8895C) (tstamp 5BF8A6EC)
    (at 83.85 62.08)
    (descr "Capacitor SMD 0805 (2012 Metric), square (rectangular) end terminal, IPC_7351 nominal with elongated pad for handsoldering. (Body size source: https://docs.google.com/spreadsheets/d/1BsfQQcO9C6DZCsRaXUlFlo91Tg2WpOkGARC1WS5S8t0/edit?usp=sharing), generated with kicad-footprint-generator")
    (tags "capacitor handsolder")
    (path /5C5F34FC)
    (attr smd)
    (fp_text reference C29 (at 0 -1.65) (layer F.SilkS)
      (effects (font (size 1 1) (thickness 0.15)))
    )
    (fp_text value 22n (at 0 1.65) (layer F.Fab) hide
      (effects (font (size 1 1) (thickness 0.15)))
    )
    (fp_line (start -1 0.6) (end -1 -0.6) (layer F.Fab) (width 0.1))
    (fp_line (start -1 -0.6) (end 1 -0.6) (layer F.Fab) (width 0.1))
    (fp_line (start 1 -0.6) (end 1 0.6) (layer F.Fab) (width 0.1))
    (fp_line (start 1 0.6) (end -1 0.6) (layer F.Fab) (width 0.1))
    (fp_line (start -0.261252 -0.71) (end 0.261252 -0.71) (layer F.SilkS) (width 0.12))
    (fp_line (start -0.261252 0.71) (end 0.261252 0.71) (layer F.SilkS) (width 0.12))
    (fp_line (start -1.85 0.95) (end -1.85 -0.95) (layer F.CrtYd) (width 0.05))
    (fp_line (start -1.85 -0.95) (end 1.85 -0.95) (layer F.CrtYd) (width 0.05))
    (fp_line (start 1.85 -0.95) (end 1.85 0.95) (layer F.CrtYd) (width 0.05))
    (fp_line (start 1.85 0.95) (end -1.85 0.95) (layer F.CrtYd) (width 0.05))
    (fp_text user %R (at 0 0) (layer F.Fab)
      (effects (font (size 0.5 0.5) (thickness 0.08)))
    )
    (pad 1 smd roundrect (at -1.025 0) (size 1.15 1.4) (layers F.Cu F.Paste F.Mask) (roundrect_rratio 0.217391)
      (net 92 "Net-(C29-Pad1)"))
    (pad 2 smd roundrect (at 1.025 0) (size 1.15 1.4) (layers F.Cu F.Paste F.Mask) (roundrect_rratio 0.217391)
      (net 4 GND))
    (model ${KISYS3DMOD}/Capacitor_SMD.3dshapes/C_0805_2012Metric.wrl
      (at (xyz 0 0 0))
      (scale (xyz 1 1 1))
      (rotate (xyz 0 0 0))
    )
  )

  (module AA-PI-Footprints:C_1206_3216Metric_Pad1.42x1.75mm_HandSolder (layer F.Cu) (tedit 5BF88945) (tstamp 5BF8AEB8)
    (at 79.77 64.93 270)
    (descr "Capacitor SMD 1206 (3216 Metric), square (rectangular) end terminal, IPC_7351 nominal with elongated pad for handsoldering. (Body size source: http://www.tortai-tech.com/upload/download/2011102023233369053.pdf), generated with kicad-footprint-generator")
    (tags "capacitor handsolder")
    (path /5C38877B)
    (attr smd)
    (fp_text reference C30 (at -1.01 1.8 270) (layer F.SilkS)
      (effects (font (size 1 1) (thickness 0.15)))
    )
    (fp_text value 10u (at 0 1.82 270) (layer F.Fab) hide
      (effects (font (size 1 1) (thickness 0.15)))
    )
    (fp_text user %R (at 0 0 270) (layer F.Fab)
      (effects (font (size 0.8 0.8) (thickness 0.12)))
    )
    (fp_line (start 2.45 1.12) (end -2.45 1.12) (layer F.CrtYd) (width 0.05))
    (fp_line (start 2.45 -1.12) (end 2.45 1.12) (layer F.CrtYd) (width 0.05))
    (fp_line (start -2.45 -1.12) (end 2.45 -1.12) (layer F.CrtYd) (width 0.05))
    (fp_line (start -2.45 1.12) (end -2.45 -1.12) (layer F.CrtYd) (width 0.05))
    (fp_line (start -0.602064 0.91) (end 0.602064 0.91) (layer F.SilkS) (width 0.12))
    (fp_line (start -0.602064 -0.91) (end 0.602064 -0.91) (layer F.SilkS) (width 0.12))
    (fp_line (start 1.6 0.8) (end -1.6 0.8) (layer F.Fab) (width 0.1))
    (fp_line (start 1.6 -0.8) (end 1.6 0.8) (layer F.Fab) (width 0.1))
    (fp_line (start -1.6 -0.8) (end 1.6 -0.8) (layer F.Fab) (width 0.1))
    (fp_line (start -1.6 0.8) (end -1.6 -0.8) (layer F.Fab) (width 0.1))
    (pad 2 smd roundrect (at 1.4875 0 270) (size 1.425 1.75) (layers F.Cu F.Paste F.Mask) (roundrect_rratio 0.175439)
      (net 91 V_ADC))
    (pad 1 smd roundrect (at -1.4875 0 270) (size 1.425 1.75) (layers F.Cu F.Paste F.Mask) (roundrect_rratio 0.175439)
      (net 4 GND))
    (model ${KISYS3DMOD}/Capacitor_SMD.3dshapes/C_1206_3216Metric.wrl
      (at (xyz 0 0 0))
      (scale (xyz 1 1 1))
      (rotate (xyz 0 0 0))
    )
  )

  (module AA-PI-Footprints:C_1206_3216Metric_Pad1.42x1.75mm_HandSolder (layer F.Cu) (tedit 5BF88983) (tstamp 5BF8A5AA)
    (at 89.26 66.21 180)
    (descr "Capacitor SMD 1206 (3216 Metric), square (rectangular) end terminal, IPC_7351 nominal with elongated pad for handsoldering. (Body size source: http://www.tortai-tech.com/upload/download/2011102023233369053.pdf), generated with kicad-footprint-generator")
    (tags "capacitor handsolder")
    (path /5C265939)
    (attr smd)
    (fp_text reference C28 (at -1.14 1.86 180) (layer F.SilkS)
      (effects (font (size 1 1) (thickness 0.15)))
    )
    (fp_text value 2.2u (at 0 1.82 180) (layer F.Fab) hide
      (effects (font (size 1 1) (thickness 0.15)))
    )
    (fp_line (start -1.6 0.8) (end -1.6 -0.8) (layer F.Fab) (width 0.1))
    (fp_line (start -1.6 -0.8) (end 1.6 -0.8) (layer F.Fab) (width 0.1))
    (fp_line (start 1.6 -0.8) (end 1.6 0.8) (layer F.Fab) (width 0.1))
    (fp_line (start 1.6 0.8) (end -1.6 0.8) (layer F.Fab) (width 0.1))
    (fp_line (start -0.602064 -0.91) (end 0.602064 -0.91) (layer F.SilkS) (width 0.12))
    (fp_line (start -0.602064 0.91) (end 0.602064 0.91) (layer F.SilkS) (width 0.12))
    (fp_line (start -2.45 1.12) (end -2.45 -1.12) (layer F.CrtYd) (width 0.05))
    (fp_line (start -2.45 -1.12) (end 2.45 -1.12) (layer F.CrtYd) (width 0.05))
    (fp_line (start 2.45 -1.12) (end 2.45 1.12) (layer F.CrtYd) (width 0.05))
    (fp_line (start 2.45 1.12) (end -2.45 1.12) (layer F.CrtYd) (width 0.05))
    (fp_text user %R (at 0 0 180) (layer F.Fab)
      (effects (font (size 0.8 0.8) (thickness 0.12)))
    )
    (pad 1 smd roundrect (at -1.4875 0 180) (size 1.425 1.75) (layers F.Cu F.Paste F.Mask) (roundrect_rratio 0.175439)
      (net 4 GND))
    (pad 2 smd roundrect (at 1.4875 0 180) (size 1.425 1.75) (layers F.Cu F.Paste F.Mask) (roundrect_rratio 0.175439)
      (net 8 +5V))
    (model ${KISYS3DMOD}/Capacitor_SMD.3dshapes/C_1206_3216Metric.wrl
      (at (xyz 0 0 0))
      (scale (xyz 1 1 1))
      (rotate (xyz 0 0 0))
    )
  )

  (module AA-PI-Footprints:R_0805_2012Metric_Pad1.15x1.40mm_HandSolder (layer F.Cu) (tedit 5BF88970) (tstamp 5BF89F65)
    (at 88.305 62.08 180)
    (descr "Resistor SMD 0805 (2012 Metric), square (rectangular) end terminal, IPC_7351 nominal with elongated pad for handsoldering. (Body size source: https://docs.google.com/spreadsheets/d/1BsfQQcO9C6DZCsRaXUlFlo91Tg2WpOkGARC1WS5S8t0/edit?usp=sharing), generated with kicad-footprint-generator")
    (tags "resistor handsolder")
    (path /5CA3972B)
    (attr smd)
    (fp_text reference R31 (at 0.405 1.8 180) (layer F.SilkS)
      (effects (font (size 1 1) (thickness 0.15)))
    )
    (fp_text value 75K (at 0 1.65 180) (layer F.Fab) hide
      (effects (font (size 1 1) (thickness 0.15)))
    )
    (fp_line (start -1 0.6) (end -1 -0.6) (layer F.Fab) (width 0.1))
    (fp_line (start -1 -0.6) (end 1 -0.6) (layer F.Fab) (width 0.1))
    (fp_line (start 1 -0.6) (end 1 0.6) (layer F.Fab) (width 0.1))
    (fp_line (start 1 0.6) (end -1 0.6) (layer F.Fab) (width 0.1))
    (fp_line (start -0.261252 -0.71) (end 0.261252 -0.71) (layer F.SilkS) (width 0.12))
    (fp_line (start -0.261252 0.71) (end 0.261252 0.71) (layer F.SilkS) (width 0.12))
    (fp_line (start -1.85 0.95) (end -1.85 -0.95) (layer F.CrtYd) (width 0.05))
    (fp_line (start -1.85 -0.95) (end 1.85 -0.95) (layer F.CrtYd) (width 0.05))
    (fp_line (start 1.85 -0.95) (end 1.85 0.95) (layer F.CrtYd) (width 0.05))
    (fp_line (start 1.85 0.95) (end -1.85 0.95) (layer F.CrtYd) (width 0.05))
    (fp_text user %R (at 0 0 180) (layer F.Fab)
      (effects (font (size 0.5 0.5) (thickness 0.08)))
    )
    (pad 1 smd roundrect (at -1.025 0 180) (size 1.15 1.4) (layers F.Cu F.Paste F.Mask) (roundrect_rratio 0.217391)
      (net 93 ADC_EN))
    (pad 2 smd roundrect (at 1.025 0 180) (size 1.15 1.4) (layers F.Cu F.Paste F.Mask) (roundrect_rratio 0.217391)
      (net 4 GND))
    (model ${KISYS3DMOD}/Resistor_SMD.3dshapes/R_0805_2012Metric.wrl
      (at (xyz 0 0 0))
      (scale (xyz 1 1 1))
      (rotate (xyz 0 0 0))
    )
  )

  (module AA-PI-Footprints:SOT95P270X145-5N (layer F.Cu) (tedit 5BC0C90C) (tstamp 5BD22B80)
    (at 107.628 97.728 180)
    (descr "5-Lead SOT23")
    (tags "Integrated Circuit")
    (path /5EFB4F13)
    (attr smd)
    (fp_text reference U6 (at 3.408 1.658 180) (layer F.SilkS)
      (effects (font (size 1 1) (thickness 0.15)))
    )
    (fp_text value FAN5333B (at 0 3 180) (layer F.SilkS) hide
      (effects (font (size 1.27 1.27) (thickness 0.254)))
    )
    (fp_line (start -1.95 -1.5) (end -0.55 -1.5) (layer F.SilkS) (width 0.2))
    (fp_line (start -0.2 1.45) (end -0.2 -1.45) (layer F.SilkS) (width 0.2))
    (fp_line (start 0.2 1.45) (end -0.2 1.45) (layer F.SilkS) (width 0.2))
